#	sin 	0	1023
6.278469028126684	17312.0
6.278256236468139	17368.0
6.277830661162533	17295.0
6.277192318232538	17311.0
6.276341231711403	17548.0
6.275277433642056	17202.0
6.27400096407589	17378.0
6.2725118710712655	17318.0
6.270810210691692	17372.0
6.26889604700372	17563.0
6.266769452074531	17303.0
6.264430505969222	17384.0
6.261879296747793	17422.0
6.259115920461828	17307.0
6.256140481150882	17634.0
6.252953090838564	17579.0
6.249553869528319	17502.0
6.245942945198906	17361.0
6.242120453799586	17317.0
6.238086539244999	17364.0
6.233841353409749	17386.0
6.229385056122683	17419.0
6.224717815160875	17385.0
6.21983980624331	17209.0
6.2147512130242655	17244.0
6.2094522270864	17306.0
6.2039430479335405	17299.0
6.198223882983168	17241.0
6.192294947558609	17327.0
6.1861564648809315	17424.0
6.1798086660605405	17267.0
6.1732517900884725	17409.0
6.166486083827403	17076.0
6.159511802002346	17300.0
6.152329207191073	17349.0
6.144938569814218	17511.0
6.137340168125101	17111.0
6.129534288199252	17440.0
6.121521223923637	17317.0
6.113301276985598	17694.0
6.1048747568614905	17296.0
6.0962419808050345	17134.0
6.08740327383537	17337.0
6.0783589687248165	17201.0
6.069109405986353	17339.0
6.059654933860786	17609.0
6.04999590830365	16999.0
6.040132692971795	17241.0
6.030065659209704	17432.0
6.019795186035512	17247.0
6.009321660126724	17151.0
5.998645475805672	17230.0
5.987767035024664	17090.0
5.976686747350845	17292.0
5.965405029950785	17068.0
5.953922307574765	17099.0
5.942239012540794	17178.0
5.930355584718326	17310.0
5.9182724715117025	17313.0
5.905990127843305	17176.0
5.893509016136433	17350.0
5.880829606297887	16874.0
5.86795237570028	17124.0
5.854877809164066	16832.0
5.841606398939287	17054.0
5.8281386446870345	17047.0
5.814475053460644	16936.0
5.800616139686606	16820.0
5.786562425145188	17042.0
5.772314438950799	16902.0
5.757872717532069	16708.0
5.743237804611645	16715.0
5.728410251185726	16462.0
5.713390615503318	16542.0
5.698179463045218	16662.0
5.682777366502716	16775.0
5.667184905756042	16510.0
5.651402667852531	16337.0
5.635431246984519	16351.0
5.619271244466975	16085.0
5.602923268714861	15945.0
5.586387935220223	15848.0
5.5696658665290215	15437.0
5.552757692217692	15434.0
5.535664048869439	15075.0
5.518385580050275	14636.0
5.500922936284785	14506.0
5.483276775031636	14008.0
5.465447760658827	13731.0
5.447436564418671	13203.0
5.429243864422526	12576.0
5.410870345615264	12606.0
5.392316699749486	11942.0
5.37358362535947	11392.0
5.3546718277348795	11190.0
5.335582018894205	10891.0
5.316314917557962	10558.0
5.296871249121624	10410.0
5.27725174562832	10077.0
5.257457145741263	10063.0
5.237488194715957	10063.0
5.217345644372118	9990.0
5.197030253065382	10328.0
5.17654278565875	10510.0
5.15588401349379	11101.0
5.135054714361599	11750.0
5.114055672473514	12395.0
5.0928876784315955	13015.0
5.071551529198854	13527.0
5.0500480280692495	14000.0
5.028377984637444	14516.0
5.006542214768327	14915.0
4.984541540566292	15280.0
4.962376790344286	15561.0
4.940048798592629	15578.0
4.917558405947592	15959.0
4.894906459159744	15967.0
4.8720938110620775	16086.0
4.849121320537902	16307.0
4.825989852488503	16380.0
4.802700277800575	16284.0
4.779253473313443	16438.0
4.755650321786046	16791.0
4.731891711863696	16533.0
4.707978538044627	16912.0
4.683911700646322	16691.0
4.659692105771602	17067.0
4.635320665274527	17230.0
4.610798296726056	17134.0
4.586125923379506	17123.0
4.561304474135789	17293.0
4.536334883508438	17220.0
4.511218091588428	17192.0
4.485955044008779	17262.0
4.460546691908954	17301.0
4.434993991899047	17298.0
4.409297906023774	17398.0
4.383459401726242	17155.0
4.357479451811535	17436.0
4.331359034410081	17511.0
4.305099132940836	17337.0
4.278700736074246	17327.0
4.252164837695032	17417.0
4.22549243686477	17198.0
4.198684537784278	17032.0
4.1717421497558025	17234.0
4.144666287145023	17286.0
4.117457969342868	17192.0
4.090118220727122	17490.0
4.06264807062387	17467.0
4.035048553268732	17321.0
4.007320707767942	17527.0
3.9794655780592105	17296.0
3.951484212872426	16856.0
3.9233776656901718	17617.0
3.8951469947080657	17462.0
3.866793262794915	17260.0
3.8383175374526957	17362.0
3.8097208907763775	17312.0
3.7810043994135434	16943.0
3.7521691445238616	17194.0
3.7232162117383805	17381.0
3.6941466911186573	17337.0
3.664961677115712	17323.0
3.6356622685288262	17356.0
3.6062495684641718	17170.0
3.5767246842932856	16959.0
3.547088727611367	17347.0
3.517342814195433	16975.0
3.4874880639623154	16749.0
3.457525600926484	16752.0
3.4274565531577377	16718.0
3.397282052738727	16772.0
3.3670032357223434	16689.0
3.336621242088931	16399.0
3.3061372157033784	16088.0
3.275552304272047	15543.0
3.2448676592995698	15066.0
3.2140844360454857	14627.0
3.1832037934807476	14106.0
3.1522268942441007	13684.0
3.1211549045982885	13040.0
3.089988994386161	12444.0
3.0587303369866206	12209.0
3.027380109270454	11954.0
2.9959394915560136	11979.0
2.9644096675647873	11722.0
2.9327918243768236	12064.0
2.9010871523860544	12990.0
2.8692968452554566	13684.0
2.8374220998721245	14417.0
2.8054641163022103	14959.0
2.77342409774573	15596.0
2.7413032504912738	15886.0
2.709102783870584	16072.0
2.676823910213033	16674.0
2.6444678447999683	16554.0
2.6120358058189614	16679.0
2.5795290143179557	17014.0
2.5469486941592745	16755.0
2.5142960719735576	17079.0
2.4815723771135736	17065.0
2.448778841607942	17220.0
2.415916700114737	16837.0
2.3829871898750135	17333.0
2.349991550666217	17165.0
2.316931024755519	17074.0
2.2838068568530323	17484.0
2.2506202940649542	17316.0
2.217372585846621	17354.0
2.184064983955453	17339.0
2.150698742403836	17333.0
2.1172751174119036	17542.0
2.0837953673602487	17254.0
2.0502607527425383	17340.0
2.0166725361180577	17339.0
1.983031982064176	17466.0
1.9493403571287444	17618.0
1.9155989297823977	17365.0
1.8818089703708007	17488.0
1.8479717510668334	17347.0
1.8140885458226745	17486.0
1.780160630321851	17379.0
1.7461892819312024	17397.0
1.7121757796527997	17496.0
1.6781214040757775	17239.0
1.6440274373281285	17366.0
1.6098951630284282	17465.0
1.5757258662375169	17485.0
1.541520833410104	17270.0
1.5072813523463406	17460.0
1.4730087121433408	17385.0
1.4387042031466355	17375.0
1.4043691169015988	17263.0
1.370004746104819	17411.0
1.3356123845554388	17343.0
1.3011933271064302	17092.0
1.2667488696158522	17212.0
1.232280308898058	17149.0
1.1977889426748825	17366.0
1.1632760695267668	16926.0
1.1287429888438756	17088.0
1.0941910007771833	16598.0
1.0596214061895097	16534.0
1.0250355066065515	16120.0
0.9904346041678778	15994.0
0.9558200015779141	15626.0
0.9211930020568813	15074.0
0.8865549092917397	14712.0
0.8519070273871023	14473.0
0.8172506608161445	14075.0
0.7825871143714771	13844.0
0.7479176931160296	13776.0
0.713243702333922	13848.0
0.6785664474813069	14441.0
0.6438872341372299	14590.0
0.6092073679544694	15194.0
0.5745281546103924	15817.0
0.5398508997577773	16385.0
0.5051769089756697	16455.0
0.47050748772022216	16636.0
0.43584394127555487	16944.0
0.4011875747045969	16882.0
0.3665396927999594	16975.0
0.3319016000348179	17130.0
0.2972746005137851	17135.0
0.2626599979238216	17123.0
0.22805909548514763	17031.0
0.19347319590218964	17309.0
0.15890360131451592	17228.0
0.12435161324782373	17247.0
0.0898185325649325	16993.0
0.0553056594168167	17319.0
0.02081429319364131	17063.0
-0.01365426752415283	17156.0
-0.04809872501473106	17401.0
-0.08251778246373959	17344.0
-0.11691014401311989	17262.0
-0.1512745148098994	17103.0
-0.18560960105493612	17105.0
-0.2199141100516417	17132.0
-0.2541867502546414	17199.0
-0.2884262313184049	17003.0
-0.32263126414581755	17413.0
-0.3568005609367288	17042.0
-0.39093283523642924	17117.0
-0.4250268019840782	17282.0
-0.4590811775611002	17035.0
-0.4930946798395032	16890.0
-0.5270660282301516	17113.0
-0.5609939437309754	16738.0
-0.5948771489751343	16700.0
-0.6287143682791017	16739.0
-0.6625043276906983	16158.0
-0.6962457550370456	15918.0
-0.7299373799724769	15500.0
-0.7635779340263584	14822.0
-0.7971661506508394	15027.0
-0.8307007652685496	14582.0
-0.8641805153202036	14246.0
-0.8976041403121366	13825.0
-0.9309703818637534	13872.0
-0.9642779837549216	13770.0
-0.9975256919732547	14239.0
-1.030712254761333	14720.0
-1.0638364226638195	15465.0
-1.0968969485745172	16050.0
-1.1298925877833141	16302.0
-1.1628220980230375	16249.0
-1.1956842395162424	16607.0
-1.228477775021874	17141.0
-1.2612014698818583	16726.0
-1.293854092067575	17311.0
-1.326434412226256	17110.0
-1.3589412037272621	17024.0
-1.3913732427082686	17339.0
-1.4237293081213334	17170.0
-1.4560081817788844	17425.0
-1.4882086483995745	17577.0
-1.5203294956540303	17310.0
-1.5523695142105107	17351.0
-1.584327497780425	17405.0
-1.616202243163757	17218.0
-1.6479925502943549	17263.0
-1.6796972222851245	17181.0
-1.711315065473088	17321.0
-1.7428448894643145	17438.0
-1.7742855071787538	17334.0
-1.8056357348949208	17534.0
-1.8368943922944614	17391.0
-1.868060302506589	17590.0
-1.8991322921524	17447.0
-1.930109191389048	17575.0
-1.960989833953785	17399.0
-1.99177305720787	17433.0
-2.0224577021803465	17328.0
-2.0530426136116784	17278.0
-2.0835266399972316	17375.0
-2.113908633630643	17276.0
-2.1441874506470273	17593.0
-2.1743619510660372	17489.0
-2.204430998834784	17529.0
-2.2343934618706145	17415.0
-2.264248212103733	17581.0
-2.2939941255196667	17385.0
-2.3236300822015856	17505.0
-2.353154966372471	17106.0
-2.3825676664371267	17296.0
-2.411867075024012	17358.0
-2.4410520890269565	17247.0
-2.47012160964668	17053.0
-2.4990745424321616	17340.0
-2.5279097973218434	17013.0
-2.556626288684677	17033.0
-2.5852229353609957	17233.0
-2.613698660703214	17120.0
-2.642052392616366	17024.0
-2.670283063598472	16958.0
-2.6983896107807257	16651.0
-2.7263709759675105	16805.0
-2.754226105676242	16916.0
-2.781953951177032	16671.0
-2.809553468532169	16348.0
-2.837023618635423	16209.0
-2.8643633672511677	15783.0
-2.8915716850533233	15496.0
-2.918647547664102	15086.0
-2.9455899356925777	14759.0
-2.97239783477307	14081.0
-2.999070235603333	13837.0
-3.025606133982546	13172.0
-3.0520045308491364	12999.0
-3.078264432318383	12602.0
-3.1043848497198345	12334.0
-3.1303647996345427	12081.0
-3.156203303932074	11856.0
-3.1818993898073487	11774.0
-3.207452089817254	11911.0
-3.2328604419170803	12305.0
-3.2581234894967297	12844.0
-3.283240281416739	13244.0
-3.30820987204409	14022.0
-3.333031321287807	14593.0
-3.357703694634358	15092.0
-3.382226063182827	15642.0
-3.406597503679903	15997.0
-3.430817098554621	16197.0
-3.454883935952929	16761.0
-3.478797109771995	16814.0
-3.502555719694347	16875.0
-3.5261588712217455	16918.0
-3.5496056757088756	17095.0
-3.572895250396804	16721.0
-3.596026718446203	16920.0
-3.618999208970379	17072.0
-3.6418118570680433	17162.0
-3.6644638038558925	17338.0
-3.68695419650093	17282.0
-3.7092821882525873	17388.0
-3.731446938474592	17189.0
-3.753447612676628	17318.0
-3.7752833825457457	17405.0
-3.79695342597755	17429.0
-3.818456927107156	17425.0
-3.8397930763398964	17284.0
-3.8609610703818156	17416.0
-3.8819601122698995	17447.0
-3.902789411402092	17233.0
-3.923448183567051	17503.0
-3.943935650973683	17340.0
-3.9642510422804182	17567.0
-3.984393592624258	17208.0
-4.004362543649566	17406.0
-4.02415714353662	17514.0
-4.043776647029926	17393.0
-4.063220315466263	17523.0
-4.082487416802507	17559.0
-4.10157722564318	17264.0
-4.120489023267771	17146.0
-4.139222097657786	17205.0
-4.157775743523565	17108.0
-4.176149262330827	17351.0
-4.194341962326971	17495.0
-4.2123531585671286	17520.0
-4.230182172939938	17521.0
-4.247828334193086	17432.0
-4.265290977958576	17167.0
-4.282569446777741	17363.0
-4.299663090125992	17378.0
-4.316571264437322	17500.0
-4.333293333128523	17393.0
-4.3498286666231625	17341.0
-4.366176642375278	17283.0
-4.38233664489282	17304.0
-4.398308065760832	17401.0
-4.414090303664342	17252.0
-4.429682764411017	17258.0
-4.445084860953518	17251.0
-4.46029601341162	17397.0
-4.475315649094026	17229.0
-4.4901432025199455	17284.0
-4.50477811544037	17430.0
-4.519219836859101	17169.0
-4.53346782305349	17282.0
-4.547521537594907	17175.0
-4.561380451368946	17124.0
-4.575044042595335	17336.0
-4.5885117968475875	17296.0
-4.6017832070723665	17401.0
-4.6148577736085805	17041.0
-4.627735004206187	16957.0
-4.640414414044734	17064.0
-4.652895525751607	17139.0
-4.6651778694200035	16949.0
-4.677260982626628	16872.0
-4.689144410449094	17275.0
-4.700827705483066	17028.0
-4.7123104278590855	17168.0
-4.723592145259147	16901.0
-4.734672432932965	17053.0
-4.745550873713974	16730.0
-4.756227058035024	16942.0
-4.766700583943813	16738.0
-4.776971057118005	16895.0
-4.787038090880096	16961.0
-4.796901306211951	16588.0
-4.806560331769088	16834.0
-4.816014803894654	16564.0
-4.825264366633117	16333.0
-4.83430867174367	16734.0
-4.843147378713335	16553.0
-4.8517801547697905	16503.0
-4.860206674893898	16468.0
-4.868426621831938	16498.0
-4.8764396861075525	16364.0
-4.884245566033401	16581.0
-4.891843967722519	16485.0
-4.899234605099373	16480.0
-4.9064171999106465	16310.0
-4.913391481735703	16439.0
-4.920157187996773	15980.0
-4.926714063968841	16025.0
-4.933061862789232	16408.0
-4.93920034546691	16189.0
-4.945129280891468	16321.0
-4.950848445841842	15979.0
-4.956357624994702	15869.0
-4.961656610932566	16189.0
-4.966745204151611	16361.0
-4.971623213069177	15973.0
-4.976290454030985	16079.0
-4.9807467513180494	15962.0
-4.9849919371533	15810.0
-4.989025851707886	15984.0
-4.992848343107206	16023.0
-4.996459267436619	15862.0
-4.999858488746866	15935.0
-5.003045879059183	15950.0
-5.006021318370128	15799.0
-5.008784694656093	15796.0
-5.011335903877523	15991.0
-5.013674849982831	16023.0
-5.01580144491202	16036.0
-5.017715608599992	15747.0
-5.0194172689795655	15842.0
-5.020906361984191	15789.0
-5.0221828315503565	15742.0
-5.023246629619704	15777.0
-5.024097716140839	15736.0
-5.024736059070835	15685.0
-5.025161634376441	15722.0
-5.025374426034986	15862.0

