 Velocity_(mm/s)           Experimental_data         Total_Fit                 subspectra_1              rest                      
  -12.126600000000000       0.99982400000000005       0.99990699999999999       -8.2999999999944230E-005   0.0000000000000000     
  -12.031499999999999       0.99960899999999997       0.99990400000000002       -2.9500000000004523E-004   0.0000000000000000     
  -11.936400000000001       0.99886699999999995       0.99990199999999996       -1.0350000000000081E-003   0.0000000000000000     
  -11.841300000000000       0.99917500000000004       0.99989899999999998       -7.2399999999994691E-004   0.0000000000000000     
  -11.746200000000000       0.99959100000000001       0.99989700000000004       -3.0600000000002847E-004   0.0000000000000000     
  -11.651100000000000       0.99966900000000003       0.99989399999999995       -2.2499999999991971E-004   0.0000000000000000     
  -11.555999999999999       0.99935499999999999       0.99989099999999997       -5.3599999999998094E-004   0.0000000000000000     
  -11.460900000000001        1.0005770000000000       0.99988800000000000        6.8900000000005068E-004   0.0000000000000000     
  -11.365800000000000        1.0007219999999999       0.99988500000000002        8.3699999999986563E-004   0.0000000000000000     
  -11.270600000000000        1.0002810000000000       0.99988100000000002        3.9999999999995595E-004   0.0000000000000000     
  -11.175500000000000       0.99827600000000005       0.99987800000000004       -1.6019999999999923E-003   0.0000000000000000     
  -11.080399999999999       0.99961000000000000       0.99987400000000004       -2.6400000000004198E-004   0.0000000000000000     
  -10.985300000000001       0.99934699999999999       0.99987099999999995       -5.2399999999996894E-004   0.0000000000000000     
  -10.890200000000000        1.0008390000000000       0.99985700000000000        9.8200000000003840E-004   0.0000000000000000     
  -10.795100000000000       0.99841100000000005       0.99985299999999999       -1.4419999999999433E-003   0.0000000000000000     
  -10.699999999999999       0.99904599999999999       0.99984899999999999       -8.0299999999999816E-004   0.0000000000000000     
  -10.604900000000001       0.99905900000000003       0.99984399999999996       -7.8499999999992465E-004   0.0000000000000000     
  -10.509800000000000       0.99973199999999995       0.99983900000000003       -1.0700000000007925E-004   0.0000000000000000     
  -10.414600000000000        1.0004630000000001       0.99983400000000000        6.2900000000010170E-004   0.0000000000000000     
  -10.319500000000000       0.99974499999999999       0.99982800000000005       -8.3000000000055252E-005   0.0000000000000000     
  -10.224399999999999       0.99866699999999997       0.99982199999999999       -1.1550000000000171E-003   0.0000000000000000     
  -10.129300000000001       0.99855799999999995       0.99981600000000004       -1.2580000000000924E-003   0.0000000000000000     
  -10.034200000000000       0.99928300000000003       0.99980999999999998       -5.2699999999994418E-004   0.0000000000000000     
  -9.9390999999999998        1.0002890000000000       0.99980300000000000        4.8599999999998644E-004   0.0000000000000000     
  -9.8439999999999994       0.99916499999999997       0.99979499999999999       -6.3000000000001943E-004   0.0000000000000000     
  -9.7489000000000008       0.99884600000000001       0.99978800000000001       -9.4199999999999839E-004   0.0000000000000000     
  -9.6538000000000004        1.0000629999999999       0.99978000000000000        2.8299999999992220E-004   0.0000000000000000     
  -9.5586000000000002       0.99739599999999995       0.99977099999999997       -2.3750000000000160E-003   0.0000000000000000     
  -9.4634999999999998       0.99978299999999998       0.99976200000000004        2.0999999999937735E-005   0.0000000000000000     
  -9.3683999999999994        1.0006850000000000       0.99975199999999997        9.3300000000007266E-004   0.0000000000000000     
  -9.2733000000000008       0.99910299999999996       0.99974099999999999       -6.3800000000002743E-004   0.0000000000000000     
  -9.1782000000000004       0.99818099999999998       0.99973000000000001       -1.5490000000000226E-003   0.0000000000000000     
  -9.0831000000000000       0.99920200000000003       0.99971800000000000       -5.1599999999996093E-004   0.0000000000000000     
  -8.9879999999999995       0.99971600000000005       0.99970499999999995        1.1000000000094268E-005   0.0000000000000000     
  -8.8928999999999991        1.0005450000000000       0.99969100000000000        8.5400000000002141E-004   0.0000000000000000     
  -8.7978000000000005       0.99925600000000003       0.99967499999999998       -4.1899999999994719E-004   0.0000000000000000     
  -8.7026000000000003       0.99990000000000001       0.99965899999999996        2.4100000000004673E-004   0.0000000000000000     
  -8.6074999999999999       0.99886200000000003       0.99962799999999996       -7.6599999999993340E-004   0.0000000000000000     
  -8.5123999999999995       0.99914899999999995       0.99960800000000005       -4.5900000000009822E-004   0.0000000000000000     
  -8.4172999999999991       0.99855300000000002       0.99958700000000000       -1.0339999999999794E-003   0.0000000000000000     
  -8.3222000000000005       0.99925399999999998       0.99956400000000001       -3.1000000000003247E-004   0.0000000000000000     
  -8.2271000000000001        1.0004299999999999       0.99953899999999996        8.9099999999997515E-004   0.0000000000000000     
  -8.1319999999999997        1.0001920000000000       0.99951100000000004        6.8099999999993166E-004   0.0000000000000000     
  -8.0368999999999993       0.99926300000000001       0.99948000000000004       -2.1700000000002273E-004   0.0000000000000000     
  -7.9417999999999997       0.99909999999999999       0.99944599999999995       -3.4599999999995745E-004   0.0000000000000000     
  -7.8465999999999996       0.99919899999999995       0.99940899999999999       -2.1000000000004349E-004   0.0000000000000000     
  -7.7515000000000001        1.0003560000000000       0.99936599999999998        9.9000000000004640E-004   0.0000000000000000     
  -7.6563999999999997       0.99911200000000000       0.99931899999999996       -2.0699999999995722E-004   0.0000000000000000     
  -7.5613000000000001       0.99909599999999998       0.99926599999999999       -1.7000000000000348E-004   0.0000000000000000     
  -7.4661999999999997       0.99907900000000005       0.99920600000000004       -1.2699999999998823E-004   0.0000000000000000     
  -7.3711000000000002       0.99964600000000003       0.99913700000000005        5.0899999999998169E-004   0.0000000000000000     
  -7.2759999999999998       0.99910900000000002       0.99905800000000000        5.1000000000023249E-005   0.0000000000000000     
  -7.1809000000000003       0.99980400000000003       0.99896600000000002        8.3800000000000541E-004   0.0000000000000000     
  -7.0857999999999999       0.99908900000000000       0.99885900000000005        2.2999999999995246E-004   0.0000000000000000     
  -6.9907000000000004       0.99807100000000004       0.99873400000000001       -6.6299999999996917E-004   0.0000000000000000     
  -6.8955000000000002       0.99987599999999999       0.99858400000000003        1.2919999999999598E-003   0.0000000000000000     
  -6.8003999999999998       0.99849699999999997       0.99840399999999996        9.3000000000009742E-005   0.0000000000000000     
  -6.7053000000000003       0.99917900000000004       0.99818399999999996        9.9500000000007915E-004   0.0000000000000000     
  -6.6101999999999999       0.99765000000000004       0.99791200000000002       -2.6199999999998447E-004   0.0000000000000000     
  -6.5151000000000003       0.99840600000000002       0.99756999999999996        8.3600000000005892E-004   0.0000000000000000     
  -6.4199999999999999       0.99722999999999995       0.99712999999999996        9.9999999999988987E-005   0.0000000000000000     
  -6.3249000000000004       0.99687199999999998       0.99655199999999999        3.1999999999998696E-004   0.0000000000000000     
  -6.2298000000000000       0.99604999999999999       0.99577199999999999        2.7800000000000047E-004   0.0000000000000000     
  -6.1346999999999996       0.99503299999999995       0.99468199999999996        3.5099999999999021E-004   0.0000000000000000     
  -6.0395000000000003       0.99356699999999998       0.99309800000000004        4.6899999999994169E-004   0.0000000000000000     
  -5.9443999999999999       0.99274499999999999       0.99068100000000003        2.0639999999999548E-003   0.0000000000000000     
  -5.8493000000000004       0.98740799999999995       0.98676699999999995        6.4100000000000268E-004   0.0000000000000000     
  -5.7542000000000000       0.97989000000000004       0.97996399999999995       -7.3999999999907473E-005   0.0000000000000000     
  -5.6590999999999996       0.96133100000000005       0.96729799999999999       -5.9669999999999446E-003   0.0000000000000000     
  -5.5640000000000001       0.94213400000000003       0.94377000000000000       -1.6359999999999708E-003   0.0000000000000000     
  -5.4688999999999997       0.92491199999999996       0.91443099999999999        1.0480999999999963E-002   0.0000000000000000     
  -5.3738000000000001       0.92392900000000000       0.91915199999999997        4.7770000000000312E-003   0.0000000000000000     
  -5.2786999999999997       0.95086999999999999       0.94948600000000005        1.3839999999999408E-003   0.0000000000000000     
  -5.1835000000000004       0.97345599999999999       0.97038800000000003        3.0679999999999596E-003   0.0000000000000000     
  -5.0884000000000000       0.98460400000000003       0.98143599999999998        3.1680000000000597E-003   0.0000000000000000     
  -4.9932999999999996       0.99100100000000002       0.98740399999999995        3.5970000000000724E-003   0.0000000000000000     
  -4.8982000000000001       0.99134400000000000       0.99084899999999998        4.9500000000002320E-004   0.0000000000000000     
  -4.8030999999999997       0.99388900000000002       0.99296300000000004        9.2599999999998239E-004   0.0000000000000000     
  -4.7080000000000002       0.99679600000000002       0.99431800000000004        2.4779999999999802E-003   0.0000000000000000     
  -4.6128999999999998       0.99580800000000003       0.99520900000000001        5.9900000000001619E-004   0.0000000000000000     
  -4.5178000000000003       0.99603399999999997       0.99579499999999999        2.3899999999998922E-004   0.0000000000000000     
  -4.4226999999999999       0.99644200000000005       0.99616499999999997        2.7700000000008274E-004   0.0000000000000000     
  -4.3274999999999997       0.99759299999999995       0.99636700000000000        1.2259999999999494E-003   0.0000000000000000     
  -4.2324000000000002       0.99794600000000000       0.99642299999999995        1.5230000000000521E-003   0.0000000000000000     
  -4.1372999999999998       0.99785500000000005       0.99633600000000000        1.5190000000000481E-003   0.0000000000000000     
  -4.0422000000000002       0.99572799999999995       0.99608799999999997       -3.6000000000002697E-004   0.0000000000000000     
  -3.9470999999999998       0.99682899999999997       0.99563500000000005        1.1939999999999173E-003   0.0000000000000000     
  -3.8519999999999999       0.99563999999999997       0.99489200000000000        7.4799999999997091E-004   0.0000000000000000     
  -3.7568999999999999       0.99455199999999999       0.99369700000000005        8.5499999999993914E-004   0.0000000000000000     
  -3.6617999999999999       0.99197800000000003       0.99173400000000000        2.4400000000002198E-004   0.0000000000000000     
  -3.5667000000000000       0.98963100000000004       0.98835700000000004        1.2739999999999974E-003   0.0000000000000000     
  -3.4714999999999998       0.98396600000000001       0.98218099999999997        1.7850000000000366E-003   0.0000000000000000     
  -3.3763999999999998       0.96972400000000003       0.97039900000000001       -6.7499999999998117E-004   0.0000000000000000     
  -3.2812999999999999       0.94659599999999999       0.95086599999999999       -4.2699999999999960E-003   0.0000000000000000     
  -3.1861999999999999       0.93357299999999999       0.93995399999999996       -6.3809999999999700E-003   0.0000000000000000     
  -3.0911000000000000       0.94725300000000001       0.95637399999999995       -9.1209999999999347E-003   0.0000000000000000     
  -2.9960000000000000       0.97053900000000004       0.97427500000000000       -3.7359999999999616E-003   0.0000000000000000     
  -2.9009000000000000       0.98425099999999999       0.98431999999999997       -6.8999999999985739E-005   0.0000000000000000     
  -2.8058000000000001       0.99069399999999996       0.98963699999999999        1.0569999999999746E-003   0.0000000000000000     
  -2.7107000000000001       0.99372700000000003       0.99262300000000003        1.1039999999999939E-003   0.0000000000000000     
  -2.6154999999999999       0.99477199999999999       0.99441800000000002        3.5399999999996545E-004   0.0000000000000000     
  -2.5204000000000000       0.99684899999999999       0.99555899999999997        1.2900000000000134E-003   0.0000000000000000     
  -2.4253000000000000       0.99713399999999996       0.99631300000000000        8.2099999999996065E-004   0.0000000000000000     
  -2.3302000000000000       0.99792199999999998       0.99682300000000001        1.0989999999999611E-003   0.0000000000000000     
  -2.2351000000000001       0.99758500000000006       0.99716800000000005        4.1700000000000070E-004   0.0000000000000000     
  -2.1400000000000001       0.99719199999999997       0.99739299999999997       -2.0100000000000673E-004   0.0000000000000000     
  -2.0449000000000002       0.99773400000000001       0.99752300000000005        2.1099999999996122E-004   0.0000000000000000     
  -1.9498000000000000       0.99762700000000004       0.99756800000000001        5.9000000000031250E-005   0.0000000000000000     
  -1.8547000000000000       0.99627800000000000       0.99752900000000000       -1.2510000000000021E-003   0.0000000000000000     
  -1.7596000000000001       0.99699099999999996       0.99739400000000000       -4.0300000000004221E-004   0.0000000000000000     
  -1.6644000000000001       0.99668000000000001       0.99713499999999999       -4.5499999999998320E-004   0.0000000000000000     
  -1.5692999999999999       0.99866500000000002       0.99669600000000003        1.9689999999999985E-003   0.0000000000000000     
  -1.4742000000000000       0.99619000000000002       0.99597300000000000        2.1700000000002273E-004   0.0000000000000000     
  -1.3791000000000000       0.99663000000000002       0.99475300000000000        1.8770000000000175E-003   0.0000000000000000     
  -1.2840000000000000       0.99424400000000002       0.99259299999999995        1.6510000000000691E-003   0.0000000000000000     
  -1.1889000000000001       0.99038599999999999       0.98853800000000003        1.8479999999999608E-003   0.0000000000000000     
  -1.0938000000000001       0.98204499999999995       0.98093300000000005        1.1119999999998909E-003   0.0000000000000000     
 -0.99870000000000003       0.96720399999999995       0.97101599999999999       -3.8120000000000376E-003   0.0000000000000000     
 -0.90359999999999996       0.96388200000000002       0.97179700000000002       -7.9150000000000054E-003   0.0000000000000000     
 -0.80840000000000001       0.97551100000000002       0.98187100000000005       -6.3600000000000323E-003   0.0000000000000000     
 -0.71330000000000005       0.98851999999999995       0.98903399999999997       -5.1400000000001445E-004   0.0000000000000000     
 -0.61819999999999997       0.99384099999999997       0.99281200000000003        1.0289999999999466E-003   0.0000000000000000     
 -0.52310000000000001       0.99400400000000000       0.99481900000000001       -8.1500000000001016E-004   0.0000000000000000     
 -0.42799999999999999       0.99671500000000002       0.99593699999999996        7.7800000000005642E-004   0.0000000000000000     
 -0.33289999999999997       0.99718899999999999       0.99657300000000004        6.1599999999994992E-004   0.0000000000000000     
 -0.23780000000000001       0.99545600000000001       0.99691600000000002       -1.4600000000000168E-003   0.0000000000000000     
 -0.14269999999999999       0.99702000000000002       0.99705500000000002       -3.5000000000007248E-005   0.0000000000000000     
  -4.7600000000000003E-002  0.99627100000000002       0.99701899999999999       -7.4799999999997091E-004   0.0000000000000000     
   4.7600000000000003E-002  0.99664200000000003       0.99680299999999999       -1.6099999999996673E-004   0.0000000000000000     
  0.14269999999999999       0.99518099999999998       0.99635300000000004       -1.1720000000000619E-003   0.0000000000000000     
  0.23780000000000001       0.99691799999999997       0.99554799999999999        1.3699999999999823E-003   0.0000000000000000     
  0.33289999999999997       0.99514199999999997       0.99412999999999996        1.0120000000000129E-003   0.0000000000000000     
  0.42799999999999999       0.99247600000000002       0.99153700000000000        9.3900000000002315E-004   0.0000000000000000     
  0.52310000000000001       0.98499099999999995       0.98658000000000001       -1.5890000000000626E-003   0.0000000000000000     
  0.61819999999999997       0.97338199999999997       0.97768800000000000       -4.3060000000000320E-003   0.0000000000000000     
  0.71330000000000005       0.96351299999999995       0.96944300000000005       -5.9300000000001019E-003   0.0000000000000000     
  0.80840000000000001       0.97241400000000000       0.97482400000000002       -2.4100000000000232E-003   0.0000000000000000     
  0.90359999999999996       0.98433800000000005       0.98462099999999997       -2.8299999999992220E-004   0.0000000000000000     
  0.99870000000000003       0.99327100000000002       0.99054500000000001        2.7260000000000062E-003   0.0000000000000000     
   1.0938000000000001       0.99550200000000000       0.99364900000000000        1.8529999999999935E-003   0.0000000000000000     
   1.1889000000000001       0.99617599999999995       0.99534100000000003        8.3499999999991914E-004   0.0000000000000000     
   1.2840000000000000       0.99851500000000004       0.99631899999999995        2.1960000000000868E-003   0.0000000000000000     
   1.3791000000000000       0.99753999999999998       0.99690699999999999        6.3299999999999468E-004   0.0000000000000000     
   1.4742000000000000       0.99766299999999997       0.99726099999999995        4.0200000000001346E-004   0.0000000000000000     
   1.5692999999999999       0.99916899999999997       0.99746400000000002        1.7049999999999566E-003   0.0000000000000000     
   1.6644000000000001       0.99758000000000002       0.99755799999999994        2.2000000000077513E-005   0.0000000000000000     
   1.7596000000000001       0.99806700000000004       0.99756100000000003        5.0600000000000644E-004   0.0000000000000000     
   1.8547000000000000       0.99702900000000005       0.99748199999999998       -4.5299999999992568E-004   0.0000000000000000     
   1.9498000000000000       0.99917400000000001       0.99731499999999995        1.8590000000000551E-003   0.0000000000000000     
   2.0449000000000002       0.99702599999999997       0.99704499999999996       -1.8999999999991246E-005   0.0000000000000000     
   2.1400000000000001       0.99754699999999996       0.99663900000000005        9.0799999999990888E-004   0.0000000000000000     
   2.2351000000000001       0.99567000000000005       0.99604000000000004       -3.6999999999998145E-004   0.0000000000000000     
   2.3302000000000000       0.99542699999999995       0.99514800000000003        2.7899999999991820E-004   0.0000000000000000     
   2.4253000000000000       0.99557600000000002       0.99378000000000000        1.7960000000000198E-003   0.0000000000000000     
   2.5204000000000000       0.99197700000000000       0.99158000000000002        3.9699999999998070E-004   0.0000000000000000     
   2.6154999999999999       0.98937500000000000       0.98782000000000003        1.5549999999999731E-003   0.0000000000000000     
   2.7107000000000001       0.98191600000000001       0.98093200000000003        9.8399999999998489E-004   0.0000000000000000     
   2.8058000000000001       0.96436599999999995       0.96787400000000001       -3.5080000000000666E-003   0.0000000000000000     
   2.9009000000000000       0.93914500000000001       0.94770699999999997       -8.5619999999999585E-003   0.0000000000000000     
   2.9960000000000000       0.93649000000000004       0.94111299999999998       -4.6229999999999327E-003   0.0000000000000000     
   3.0911000000000000       0.95435400000000004       0.95964600000000000       -5.2919999999999634E-003   0.0000000000000000     
   3.1861999999999999       0.97523099999999996       0.97622200000000003       -9.9100000000007515E-004   0.0000000000000000     
   3.2812999999999999       0.98680500000000004       0.98523700000000003        1.5680000000000138E-003   0.0000000000000000     
   3.3763999999999998       0.99220399999999997       0.99000999999999995        2.1940000000000293E-003   0.0000000000000000     
   3.4714999999999998       0.99438000000000004       0.99269099999999999        1.6890000000000516E-003   0.0000000000000000     
   3.5667000000000000       0.99585400000000002       0.99428600000000000        1.5680000000000138E-003   0.0000000000000000     
   3.6617999999999999       0.99641999999999997       0.99527100000000002        1.1489999999999556E-003   0.0000000000000000     
   3.7568999999999999       0.99624699999999999       0.99588500000000002        3.6199999999997345E-004   0.0000000000000000     
   3.8519999999999999       0.99711799999999995       0.99625300000000006        8.6499999999989363E-004   0.0000000000000000     
   3.9470999999999998       0.99632299999999996       0.99643999999999999       -1.1700000000003374E-004   0.0000000000000000     
   4.0422000000000002       0.99629100000000004       0.99648000000000003       -1.8899999999999473E-004   0.0000000000000000     
   4.1372999999999998       0.99757799999999996       0.99638199999999999        1.1959999999999749E-003   0.0000000000000000     
   4.2324000000000002       0.99748400000000004       0.99614000000000003        1.3440000000000119E-003   0.0000000000000000     
   4.3274999999999997       0.99728399999999995       0.99572400000000005        1.5599999999998948E-003   0.0000000000000000     
   4.4226999999999999       0.99566399999999999       0.99507900000000005        5.8499999999994667E-004   0.0000000000000000     
   4.5178000000000003       0.99473800000000001       0.99410500000000002        6.3299999999999468E-004   0.0000000000000000     
   4.6128999999999998       0.99307599999999996       0.99262200000000000        4.5399999999995444E-004   0.0000000000000000     
   4.7080000000000002       0.99216800000000005       0.99029400000000001        1.8740000000000423E-003   0.0000000000000000     
   4.8030999999999997       0.98838899999999996       0.98645799999999995        1.9310000000000160E-003   0.0000000000000000     
   4.8982000000000001       0.98281799999999997       0.97972300000000001        3.0949999999999589E-003   0.0000000000000000     
   4.9932999999999996       0.96840899999999996       0.96711199999999997        1.2969999999999926E-003   0.0000000000000000     
   5.0884000000000000       0.94198499999999996       0.94362699999999999       -1.6420000000000323E-003   0.0000000000000000     
   5.1835000000000004       0.92090499999999997       0.91437400000000002        6.5309999999999535E-003   0.0000000000000000     
   5.2786999999999997       0.92862400000000000       0.91925000000000001        9.3739999999999934E-003   0.0000000000000000     
   5.3738000000000001       0.94688499999999998       0.94965200000000005       -2.7670000000000750E-003   0.0000000000000000     
   5.4688999999999997       0.96845099999999995       0.97059799999999996       -2.1470000000000100E-003   0.0000000000000000     
   5.5640000000000001       0.98152700000000004       0.98170599999999997       -1.7899999999992922E-004   0.0000000000000000     
   5.6590999999999996       0.98832299999999995       0.98774499999999998        5.7799999999996743E-004   0.0000000000000000     
   5.7542000000000000       0.99282300000000001       0.99127200000000004        1.5509999999999691E-003   0.0000000000000000     
   5.8493000000000004       0.99639200000000006       0.99347799999999997        2.9140000000000832E-003   0.0000000000000000     
   5.9443999999999999       0.99501700000000004       0.99494000000000005        7.6999999999993740E-005   0.0000000000000000     
   6.0395000000000003       0.99747300000000005       0.99595500000000003        1.5180000000000193E-003   0.0000000000000000     
   6.1346999999999996       0.99622999999999995       0.99668699999999999       -4.5700000000004071E-004   0.0000000000000000     
   6.2298000000000000       0.99754799999999999       0.99723200000000001        3.1599999999998296E-004   0.0000000000000000     
   6.3249000000000004       0.99787099999999995       0.99764900000000001        2.2199999999994446E-004   0.0000000000000000     
   6.4199999999999999       0.99820100000000000       0.99797499999999995        2.2600000000005949E-004   0.0000000000000000     
   6.5151000000000003       0.99776799999999999       0.99823499999999998       -4.6699999999999520E-004   0.0000000000000000     
   6.6101999999999999       0.99900299999999997       0.99844500000000003        5.5799999999994743E-004   0.0000000000000000     
   6.7053000000000003       0.99919899999999995       0.99861800000000001        5.8099999999994267E-004   0.0000000000000000     
   6.8003999999999998       0.99993399999999999       0.99876299999999996        1.1710000000000331E-003   0.0000000000000000     
   6.8955000000000002       0.99855099999999997       0.99888399999999999       -3.3300000000002772E-004   0.0000000000000000     
   6.9907000000000004       0.99830300000000005       0.99898699999999996       -6.8399999999990690E-004   0.0000000000000000     
   7.0857999999999999        1.0002070000000001       0.99907599999999996        1.1310000000001041E-003   0.0000000000000000     
   7.1809000000000003       0.99919700000000000       0.99915299999999996        4.4000000000044004E-005   0.0000000000000000     
   7.2759999999999998        1.0001830000000000       0.99922000000000000        9.6300000000004715E-004   0.0000000000000000     
   7.3711000000000002        1.0005569999999999       0.99927900000000003        1.2779999999998903E-003   0.0000000000000000     
   7.4661999999999997       0.99827299999999997       0.99933000000000005       -1.0570000000000856E-003   0.0000000000000000     
   7.5613000000000001       0.99856400000000001       0.99937600000000004       -8.1200000000003492E-004   0.0000000000000000     
   7.6563999999999997       0.99851999999999996       0.99941800000000003       -8.9800000000006541E-004   0.0000000000000000     
   7.7515000000000001       0.99971800000000000       0.99945399999999995        2.6400000000004198E-004   0.0000000000000000     
   7.8465999999999996       0.99822500000000003       0.99948800000000004       -1.2630000000000141E-003   0.0000000000000000     
   7.9417999999999997        1.0001620000000000       0.99951800000000002        6.4399999999997792E-004   0.0000000000000000     
   8.0368999999999993       0.99771600000000005       0.99954500000000002       -1.8289999999999695E-003   0.0000000000000000     
   8.1319999999999997       0.99993900000000002       0.99956999999999996        3.6900000000006372E-004   0.0000000000000000     
   8.2271000000000001       0.99893699999999996       0.99959200000000004       -6.5500000000007219E-004   0.0000000000000000     
   8.3222000000000005       0.99815299999999996       0.99962700000000004       -1.4740000000000864E-003   0.0000000000000000     
   8.4172999999999991       0.99944800000000000       0.99964600000000003       -1.9800000000003148E-004   0.0000000000000000     
   8.5123999999999995        1.0001480000000000       0.99966299999999997        4.8500000000006871E-004   0.0000000000000000     
   8.6074999999999999        1.0000290000000001       0.99967899999999998        3.5000000000007248E-004   0.0000000000000000     
   8.7026000000000003       0.99939699999999998       0.99969399999999997       -2.9699999999999172E-004   0.0000000000000000     
   8.7978000000000005       0.99989200000000000       0.99970800000000004        1.8399999999996197E-004   0.0000000000000000     
   8.8928999999999991       0.99976799999999999       0.99972099999999997        4.7000000000019249E-005   0.0000000000000000     
   8.9879999999999995        1.0003880000000001       0.99973299999999998        6.5500000000007219E-004   0.0000000000000000     
   9.0831000000000000       0.99874200000000002       0.99974399999999997       -1.0019999999999474E-003   0.0000000000000000     
   9.1782000000000004       0.99841100000000005       0.99975400000000003       -1.3429999999999831E-003   0.0000000000000000     
   9.2733000000000008       0.99932399999999999       0.99976399999999999       -4.3999999999999595E-004   0.0000000000000000     
   9.3683999999999994       0.99963999999999997       0.99977300000000002       -1.3300000000004975E-004   0.0000000000000000     
   9.4634999999999998       0.99814199999999997       0.99978199999999995       -1.6399999999999748E-003   0.0000000000000000     
   9.5586000000000002       0.99867899999999998       0.99978999999999996       -1.1109999999999731E-003   0.0000000000000000     
   9.6538000000000004       0.99914199999999997       0.99979700000000005       -6.5500000000007219E-004   0.0000000000000000     
   9.7489000000000008       0.99902000000000002       0.99980500000000005       -7.8500000000003567E-004   0.0000000000000000     
   9.8439999999999994       0.99942100000000000       0.99981100000000001       -3.9000000000000146E-004   0.0000000000000000     
   9.9390999999999998       0.99935399999999996       0.99981799999999998       -4.6400000000001995E-004   0.0000000000000000     
   10.034200000000000       0.99948199999999998       0.99982400000000005       -3.4200000000006447E-004   0.0000000000000000     
   10.129300000000001        1.0003670000000000       0.99983000000000000        5.3700000000000969E-004   0.0000000000000000     
   10.224399999999999        1.0005219999999999       0.99983500000000003        6.8699999999988215E-004   0.0000000000000000     
   10.319500000000000       0.99904700000000002       0.99983999999999995       -7.9299999999993265E-004   0.0000000000000000     
   10.414600000000000       0.99935499999999999       0.99984499999999998       -4.8999999999999044E-004   0.0000000000000000     
   10.509800000000000       0.99860199999999999       0.99985000000000002       -1.2480000000000269E-003   0.0000000000000000     
   10.604900000000001       0.99928499999999998       0.99986299999999995       -5.7799999999996743E-004   0.0000000000000000     
   10.699999999999999       0.99911899999999998       0.99986799999999998       -7.4899999999999967E-004   0.0000000000000000     
   10.795100000000000       0.99946199999999996       0.99987199999999998       -4.1000000000002146E-004   0.0000000000000000     
   10.890200000000000       0.99959600000000004       0.99987499999999996       -2.7899999999991820E-004   0.0000000000000000     
   10.985300000000001        1.0003770000000001       0.99987899999999996        4.9800000000010947E-004   0.0000000000000000     
   11.080399999999999       0.99775999999999998       0.99988200000000005       -2.1220000000000683E-003   0.0000000000000000     
   11.175500000000000        1.0006079999999999       0.99988600000000005        7.2199999999988940E-004   0.0000000000000000     
   11.270600000000000       0.99930600000000003       0.99988900000000003       -5.8300000000000018E-004   0.0000000000000000     
   11.365800000000000       0.99890400000000001       0.99989200000000000       -9.8799999999998889E-004   0.0000000000000000     
   11.460900000000001        1.0010630000000000       0.99989499999999998        1.1680000000000579E-003   0.0000000000000000     
   11.555999999999999       0.99877800000000005       0.99989700000000004       -1.1189999999999811E-003   0.0000000000000000     
   11.651100000000000       0.99853899999999995       0.99990000000000001       -1.3610000000000566E-003   0.0000000000000000     
   11.746200000000000        1.0008349999999999       0.99990299999999999        9.3199999999993288E-004   0.0000000000000000     
   11.841300000000000        1.0001760000000000       0.99990500000000004        2.7099999999991020E-004   0.0000000000000000     
   11.936400000000001       0.99873100000000004       0.99990699999999999       -1.1759999999999549E-003   0.0000000000000000     
   12.031499999999999       0.99916300000000002       0.99990999999999997       -7.4699999999994215E-004   0.0000000000000000     
   12.126600000000000       0.99972300000000003       0.99991200000000002       -1.8899999999999473E-004   0.0000000000000000     
