 Velocity_(mm/s)           Experimental_data         Total_Fit                 subspectra_1              rest                      
  -11.878800000000000       0.99981799999999998       0.99993900000000002       -1.2100000000003774E-004   0.0000000000000000     
  -11.785600000000001        1.0001610000000001       0.99993699999999996        2.2400000000011300E-004   0.0000000000000000     
  -11.692500000000001        1.0016750000000001       0.99993500000000002        1.7400000000000748E-003   0.0000000000000000     
  -11.599299999999999       0.99947799999999998       0.99993299999999996       -4.5499999999998320E-004   0.0000000000000000     
  -11.506100000000000       0.99877700000000003       0.99993100000000001       -1.1539999999999884E-003   0.0000000000000000     
  -11.413000000000000        1.0002270000000000       0.99992800000000004        2.9899999999993820E-004   0.0000000000000000     
  -11.319800000000001        1.0007370000000000       0.99992599999999998        8.1100000000000616E-004   0.0000000000000000     
  -11.226599999999999       0.99988699999999997       0.99992300000000001       -3.6000000000036003E-005   0.0000000000000000     
  -11.133500000000000        1.0002740000000001       0.99992000000000003        3.5400000000007648E-004   0.0000000000000000     
  -11.040300000000000        1.0008280000000001       0.99991699999999994        9.1100000000010617E-004   0.0000000000000000     
  -10.947100000000001       0.99989200000000000       0.99991399999999997       -2.1999999999966491E-005   0.0000000000000000     
  -10.853999999999999       0.99893100000000001       0.99991099999999999       -9.7999999999998089E-004   0.0000000000000000     
  -10.760800000000000       0.99907400000000002       0.99990699999999999       -8.3299999999997265E-004   0.0000000000000000     
  -10.667600000000000       0.99914199999999997       0.99990299999999999       -7.6100000000001167E-004   0.0000000000000000     
  -10.574500000000000       0.99963800000000003       0.99989899999999998       -2.6099999999995571E-004   0.0000000000000000     
  -10.481299999999999       0.99872899999999998       0.99989499999999998       -1.1660000000000004E-003   0.0000000000000000     
  -10.388100000000000       0.99982199999999999       0.99988999999999995       -6.7999999999956984E-005   0.0000000000000000     
  -10.295000000000000        1.0003310000000001       0.99988500000000002        4.4600000000005746E-004   0.0000000000000000     
  -10.201800000000000       0.99739299999999997       0.99987999999999999       -2.4870000000000170E-003   0.0000000000000000     
  -10.108599999999999       0.99889200000000000       0.99987400000000004       -9.8200000000003840E-004   0.0000000000000000     
  -10.015499999999999       0.99934599999999996       0.99986699999999995       -5.2099999999999369E-004   0.0000000000000000     
  -9.9222999999999999        1.0009859999999999       0.99985999999999997        1.1259999999999604E-003   0.0000000000000000     
  -9.8291000000000004        1.0001599999999999       0.99985299999999999        3.0699999999994620E-004   0.0000000000000000     
  -9.7360000000000007       0.99953599999999998       0.99984499999999998       -3.0900000000000372E-004   0.0000000000000000     
  -9.6427999999999994       0.99919100000000005       0.99983599999999995       -6.4499999999989566E-004   0.0000000000000000     
  -9.5495999999999999       0.99977700000000003       0.99982599999999999       -4.8999999999965738E-005   0.0000000000000000     
  -9.4565000000000001       0.99828099999999997       0.99981500000000001       -1.5340000000000353E-003   0.0000000000000000     
  -9.3633000000000006       0.99988500000000002       0.99980300000000000        8.2000000000026496E-005   0.0000000000000000     
  -9.2700999999999993        1.0006109999999999       0.99978900000000004        8.2199999999987838E-004   0.0000000000000000     
  -9.1769999999999996       0.99813600000000002       0.99977400000000005       -1.6380000000000283E-003   0.0000000000000000     
  -9.0838000000000001       0.99999199999999999       0.99975700000000001        2.3499999999998522E-004   0.0000000000000000     
  -8.9906000000000006       0.99894799999999995       0.99973900000000004       -7.9100000000009718E-004   0.0000000000000000     
  -8.8975000000000009       0.99958400000000003       0.99971699999999997       -1.3299999999993872E-004   0.0000000000000000     
  -8.8042999999999996       0.99907199999999996       0.99969300000000005       -6.2100000000009370E-004   0.0000000000000000     
  -8.7111000000000001       0.99977700000000003       0.99966500000000003        1.1200000000000099E-004   0.0000000000000000     
  -8.6180000000000003       0.99914599999999998       0.99963299999999999       -4.8700000000001520E-004   0.0000000000000000     
  -8.5248000000000008       0.99966699999999997       0.99959600000000004        7.0999999999932228E-005   0.0000000000000000     
  -8.4315999999999995       0.99766299999999997       0.99955200000000000       -1.8890000000000295E-003   0.0000000000000000     
  -8.3384999999999998       0.99826400000000004       0.99950099999999997       -1.2369999999999326E-003   0.0000000000000000     
  -8.2453000000000003       0.99978000000000000       0.99943899999999997        3.4100000000003572E-004   0.0000000000000000     
  -8.1521000000000008       0.99802199999999996       0.99936499999999995       -1.3429999999999831E-003   0.0000000000000000     
  -8.0589999999999993       0.99891799999999997       0.99927400000000000       -3.5600000000002296E-004   0.0000000000000000     
  -7.9657999999999998       0.99813399999999997       0.99916199999999999       -1.0280000000000289E-003   0.0000000000000000     
  -7.8726000000000003       0.99916000000000005       0.99902000000000002        1.4000000000002899E-004   0.0000000000000000     
  -7.7793999999999999       0.99755499999999997       0.99883800000000000       -1.2830000000000341E-003   0.0000000000000000     
  -7.6863000000000001       0.99651599999999996       0.99859900000000001       -2.0830000000000570E-003   0.0000000000000000     
  -7.5930999999999997       0.99727800000000000       0.99827800000000000       -1.0000000000000009E-003   0.0000000000000000     
  -7.4999000000000002        1.0001960000000001       0.99783500000000003        2.3610000000000575E-003   0.0000000000000000     
  -7.4067999999999996       0.99844100000000002       0.99720399999999998        1.2370000000000436E-003   0.0000000000000000     
  -7.3136000000000001       0.99891799999999997       0.99627600000000005        2.6419999999999222E-003   0.0000000000000000     
  -7.2203999999999997       0.99745600000000001       0.99487000000000003        2.5859999999999772E-003   0.0000000000000000     
  -7.1273000000000000       0.99733400000000005       0.99271799999999999        4.6160000000000645E-003   0.0000000000000000     
  -7.0340999999999996       0.99692899999999995       0.98959200000000003        7.3369999999999269E-003   0.0000000000000000     
  -6.9409000000000001       0.99800500000000003       0.98600600000000005        1.1998999999999982E-002   0.0000000000000000     
  -6.8478000000000003       0.99807800000000002       0.98429400000000000        1.3784000000000018E-002   0.0000000000000000     
  -6.7545999999999999       0.99619800000000003       0.98625200000000002        9.9460000000000104E-003   0.0000000000000000     
  -6.6614000000000004       0.99505200000000005       0.98984899999999998        5.2030000000000687E-003   0.0000000000000000     
  -6.5682999999999998       0.99764799999999998       0.99288799999999999        4.7599999999999865E-003   0.0000000000000000     
  -6.4751000000000003       0.99692300000000000       0.99495699999999998        1.9660000000000233E-003   0.0000000000000000     
  -6.3818999999999999       0.99689000000000005       0.99630300000000005        5.8700000000000419E-004   0.0000000000000000     
  -6.2888000000000002       0.99903200000000003       0.99718899999999999        1.8430000000000391E-003   0.0000000000000000     
  -6.1955999999999998       0.99629999999999996       0.99778699999999998       -1.4870000000000161E-003   0.0000000000000000     
  -6.1024000000000003       0.99483900000000003       0.99820299999999995       -3.3639999999999226E-003   0.0000000000000000     
  -6.0092999999999996       0.99827500000000002       0.99849900000000003       -2.2400000000000198E-004   0.0000000000000000     
  -5.9161000000000001       0.99867200000000000       0.99871399999999999       -4.1999999999986493E-005   0.0000000000000000     
  -5.8228999999999997       0.99629999999999996       0.99887099999999995       -2.5709999999999900E-003   0.0000000000000000     
  -5.7298000000000000       0.99631899999999995       0.99898699999999996       -2.6680000000000037E-003   0.0000000000000000     
  -5.6365999999999996       0.99677700000000002       0.99907000000000001       -2.2929999999999895E-003   0.0000000000000000     
  -5.5434000000000001       0.99624699999999999       0.99912900000000004       -2.8820000000000512E-003   0.0000000000000000     
  -5.4503000000000004       0.99488399999999999       0.99916600000000000       -4.2820000000000080E-003   0.0000000000000000     
  -5.3571000000000000       0.99402400000000002       0.99918399999999996       -5.1599999999999424E-003   0.0000000000000000     
  -5.2638999999999996       0.99462600000000001       0.99918399999999996       -4.5579999999999510E-003   0.0000000000000000     
  -5.1707999999999998       0.99463599999999996       0.99916499999999997       -4.5290000000000052E-003   0.0000000000000000     
  -5.0776000000000003       0.99740600000000001       0.99912500000000004       -1.7190000000000261E-003   0.0000000000000000     
  -4.9843999999999999       0.99648800000000004       0.99906200000000001       -2.5739999999999652E-003   0.0000000000000000     
  -4.8913000000000002       0.99795000000000000       0.99896700000000005       -1.0170000000000456E-003   0.0000000000000000     
  -4.7980999999999998       0.99760400000000005       0.99883200000000005       -1.2280000000000069E-003   0.0000000000000000     
  -4.7049000000000003       0.99825399999999997       0.99863900000000005       -3.8500000000007972E-004   0.0000000000000000     
  -4.6117999999999997       0.99350099999999997       0.99836300000000000       -4.8620000000000330E-003   0.0000000000000000     
  -4.5186000000000002       0.99512100000000003       0.99796099999999999       -2.8399999999999537E-003   0.0000000000000000     
  -4.4253999999999998       0.99488500000000002       0.99736199999999997       -2.4769999999999515E-003   0.0000000000000000     
  -4.3323000000000000       0.99139699999999997       0.99644500000000003       -5.0480000000000524E-003   0.0000000000000000     
  -4.2390999999999996       0.99475100000000005       0.99503399999999997       -2.8299999999992220E-004   0.0000000000000000     
  -4.1459000000000001       0.99319900000000005       0.99297299999999999        2.2600000000005949E-004   0.0000000000000000     
  -4.0528000000000004       0.99428499999999997       0.99058700000000000        3.6979999999999791E-003   0.0000000000000000     
  -3.9596000000000000       0.99386699999999994       0.98941000000000001        4.4569999999999332E-003   0.0000000000000000     
  -3.8664000000000001       0.99377099999999996       0.99068100000000003        3.0899999999999261E-003   0.0000000000000000     
  -3.7732999999999999       0.99335799999999996       0.99308399999999997        2.7399999999999647E-004   0.0000000000000000     
  -3.6800999999999999       0.99083200000000005       0.99512999999999996       -4.2979999999999130E-003   0.0000000000000000     
  -3.5869000000000000       0.99130099999999999       0.99652799999999997       -5.2269999999999817E-003   0.0000000000000000     
  -3.4937999999999998       0.98719100000000004       0.99743899999999996       -1.0247999999999924E-002   0.0000000000000000     
  -3.4005999999999998       0.98199199999999998       0.99804099999999996       -1.6048999999999980E-002   0.0000000000000000     
  -3.3073999999999999       0.97258299999999998       0.99844900000000003       -2.5866000000000056E-002   0.0000000000000000     
  -3.2143000000000002       0.96697400000000000       0.99873400000000001       -3.1760000000000010E-002   0.0000000000000000     
  -3.1211000000000002       0.97067300000000001       0.99893900000000002       -2.8266000000000013E-002   0.0000000000000000     
  -3.0278999999999998       0.97796000000000005       0.99908900000000000       -2.1128999999999953E-002   0.0000000000000000     
  -2.9348000000000001       0.98471399999999998       0.99920200000000003       -1.4488000000000056E-002   0.0000000000000000     
  -2.8416000000000001       0.98855400000000004       0.99928600000000001       -1.0731999999999964E-002   0.0000000000000000     
  -2.7484000000000002       0.98773999999999995       0.99934999999999996       -1.1610000000000009E-002   0.0000000000000000     
  -2.6553000000000000       0.99261200000000005       0.99939800000000001       -6.7859999999999587E-003   0.0000000000000000     
  -2.5621000000000000       0.99136000000000002       0.99943300000000002       -8.0729999999999968E-003   0.0000000000000000     
  -2.4689000000000001       0.99204000000000003       0.99945600000000001       -7.4159999999999782E-003   0.0000000000000000     
  -2.3757999999999999       0.99018600000000001       0.99946999999999997       -9.2839999999999590E-003   0.0000000000000000     
  -2.2826000000000000       0.99124999999999996       0.99947399999999997       -8.2240000000000091E-003   0.0000000000000000     
  -2.1894000000000000       0.98821300000000001       0.99946900000000005       -1.1256000000000044E-002   0.0000000000000000     
  -2.0962999999999998       0.98600600000000005       0.99945200000000001       -1.3445999999999958E-002   0.0000000000000000     
  -2.0030999999999999       0.98205900000000002       0.99942399999999998       -1.7364999999999964E-002   0.0000000000000000     
  -1.9098999999999999       0.97592800000000002       0.99938000000000005       -2.3452000000000028E-002   0.0000000000000000     
  -1.8168000000000000       0.97394000000000003       0.99931599999999998       -2.5375999999999954E-002   0.0000000000000000     
  -1.7236000000000000       0.97821999999999998       0.99922299999999997       -2.1002999999999994E-002   0.0000000000000000     
  -1.6304000000000001       0.98508799999999996       0.99909099999999995       -1.4002999999999988E-002   0.0000000000000000     
  -1.5373000000000001       0.98514500000000005       0.99889700000000003       -1.3751999999999986E-002   0.0000000000000000     
  -1.4440999999999999       0.98794800000000005       0.99860800000000005       -1.0660000000000003E-002   0.0000000000000000     
  -1.3509000000000000       0.98808900000000000       0.99816700000000003       -1.0078000000000031E-002   0.0000000000000000     
  -1.2578000000000000       0.98755800000000005       0.99748700000000001       -9.9289999999999656E-003   0.0000000000000000     
  -1.1646000000000001       0.98858199999999996       0.99648499999999995       -7.9029999999999934E-003   0.0000000000000000     
  -1.0713999999999999       0.98638300000000001       0.99528300000000003       -8.9000000000000190E-003   0.0000000000000000     
 -0.97829999999999995       0.98522200000000004       0.99459299999999995       -9.3709999999999072E-003   0.0000000000000000     
 -0.88510000000000000       0.98209199999999996       0.99512199999999995       -1.3029999999999986E-002   0.0000000000000000     
 -0.79190000000000005       0.98109800000000003       0.99630700000000005       -1.5209000000000028E-002   0.0000000000000000     
 -0.69879999999999998       0.97611599999999998       0.99735399999999996       -2.1237999999999979E-002   0.0000000000000000     
 -0.60560000000000003       0.96856799999999998       0.99807500000000005       -2.9507000000000061E-002   0.0000000000000000     
 -0.51239999999999997       0.95633500000000005       0.99854100000000001       -4.2205999999999966E-002   0.0000000000000000     
 -0.41930000000000001       0.94414200000000004       0.99884399999999995       -5.4701999999999917E-002   0.0000000000000000     
 -0.32610000000000000       0.93111400000000000       0.99904400000000004       -6.7930000000000046E-002   0.0000000000000000     
 -0.23290000000000000       0.91208599999999995       0.99917800000000001       -8.7092000000000058E-002   0.0000000000000000     
 -0.13980000000000001       0.91568899999999998       0.99926700000000002       -8.3578000000000041E-002   0.0000000000000000     
  -4.6600000000000003E-002  0.93515300000000001       0.99932399999999999       -6.4170999999999978E-002   0.0000000000000000     
   4.6600000000000003E-002  0.94834799999999997       0.99935700000000005       -5.1009000000000082E-002   0.0000000000000000     
  0.13980000000000001       0.95423700000000000       0.99936899999999995       -4.5131999999999950E-002   0.0000000000000000     
  0.23290000000000000       0.95951399999999998       0.99936100000000005       -3.9847000000000077E-002   0.0000000000000000     
  0.32610000000000000       0.96897900000000003       0.99933300000000003       -3.0353999999999992E-002   0.0000000000000000     
  0.41930000000000001       0.97150599999999998       0.99928200000000000       -2.7776000000000023E-002   0.0000000000000000     
  0.51239999999999997       0.97119200000000006       0.99920100000000001       -2.8008999999999951E-002   0.0000000000000000     
  0.60560000000000003       0.97115799999999997       0.99907900000000005       -2.7921000000000085E-002   0.0000000000000000     
  0.69879999999999998       0.97438999999999998       0.99889600000000001       -2.4506000000000028E-002   0.0000000000000000     
  0.79190000000000005       0.98038899999999995       0.99861999999999995       -1.8230999999999997E-002   0.0000000000000000     
  0.88510000000000000       0.98444699999999996       0.99819599999999997       -1.3749000000000011E-002   0.0000000000000000     
  0.97829999999999995       0.98613300000000004       0.99754100000000001       -1.1407999999999974E-002   0.0000000000000000     
   1.0713999999999999       0.98891399999999996       0.99656500000000003       -7.6510000000000744E-003   0.0000000000000000     
   1.1646000000000001       0.98833800000000005       0.99536400000000003       -7.0259999999999767E-003   0.0000000000000000     
   1.2578000000000000       0.98867099999999997       0.99460499999999996       -5.9339999999999948E-003   0.0000000000000000     
   1.3509000000000000       0.98843599999999998       0.99505200000000005       -6.6160000000000663E-003   0.0000000000000000     
   1.4440999999999999       0.99012800000000001       0.99622599999999994       -6.0979999999999368E-003   0.0000000000000000     
   1.5373000000000001       0.98791300000000004       0.99729800000000002       -9.3849999999999767E-003   0.0000000000000000     
   1.6304000000000001       0.98749799999999999       0.99804300000000001       -1.0545000000000027E-002   0.0000000000000000     
   1.7236000000000000       0.98535099999999998       0.99852799999999997       -1.3176999999999994E-002   0.0000000000000000     
   1.8168000000000000       0.98136400000000001       0.99884499999999998       -1.7480999999999969E-002   0.0000000000000000     
   1.9098999999999999       0.97569799999999995       0.99905600000000006       -2.3358000000000101E-002   0.0000000000000000     
   2.0030999999999999       0.97377499999999995       0.99920100000000001       -2.5426000000000060E-002   0.0000000000000000     
   2.0962999999999998       0.98214199999999996       0.99930099999999999       -1.7159000000000035E-002   0.0000000000000000     
   2.1894000000000000       0.98433499999999996       0.99936999999999998       -1.5035000000000021E-002   0.0000000000000000     
   2.2826000000000000       0.98856599999999994       0.99941800000000003       -1.0852000000000084E-002   0.0000000000000000     
   2.3757999999999999       0.99261699999999997       0.99944999999999995       -6.8329999999999780E-003   0.0000000000000000     
   2.4689000000000001       0.98985599999999996       0.99946900000000005       -9.6130000000000937E-003   0.0000000000000000     
   2.5621000000000000       0.99284499999999998       0.99947699999999995       -6.6319999999999713E-003   0.0000000000000000     
   2.6553000000000000       0.99102199999999996       0.99947500000000000       -8.4530000000000438E-003   0.0000000000000000     
   2.7484000000000002       0.98976799999999998       0.99946400000000002       -9.6960000000000379E-003   0.0000000000000000     
   2.8416000000000001       0.98906000000000005       0.99944299999999997       -1.0382999999999920E-002   0.0000000000000000     
   2.9348000000000001       0.98653500000000005       0.99941100000000005       -1.2875999999999999E-002   0.0000000000000000     
   3.0278999999999998       0.98541500000000004       0.99936700000000001       -1.3951999999999964E-002   0.0000000000000000     
   3.1211000000000002       0.98388699999999996       0.99930699999999995       -1.5419999999999989E-002   0.0000000000000000     
   3.2143000000000002       0.97920200000000002       0.99922800000000001       -2.0025999999999988E-002   0.0000000000000000     
   3.3073999999999999       0.97199300000000000       0.99912299999999998       -2.7129999999999987E-002   0.0000000000000000     
   3.4005999999999998       0.96892999999999996       0.99898299999999995       -3.0052999999999996E-002   0.0000000000000000     
   3.4937999999999998       0.97151799999999999       0.99879200000000001       -2.7274000000000020E-002   0.0000000000000000     
   3.5869000000000000       0.98154600000000003       0.99852799999999997       -1.6981999999999942E-002   0.0000000000000000     
   3.6800999999999999       0.98665499999999995       0.99815299999999996       -1.1498000000000008E-002   0.0000000000000000     
   3.7732999999999999       0.98959399999999997       0.99760300000000002       -8.0090000000000439E-003   0.0000000000000000     
   3.8664000000000001       0.99331700000000001       0.99677300000000002       -3.4560000000000146E-003   0.0000000000000000     
   3.9596000000000000       0.99317800000000001       0.99550000000000005       -2.3220000000000462E-003   0.0000000000000000     
   4.0528000000000004       0.99310500000000002       0.99360099999999996       -4.9599999999994093E-004   0.0000000000000000     
   4.1459000000000001       0.99501200000000001       0.99119800000000002        3.8139999999999841E-003   0.0000000000000000     
   4.2390999999999996       0.99518700000000004       0.98950400000000005        5.6829999999999936E-003   0.0000000000000000     
   4.3323000000000000       0.99634800000000001       0.99016700000000002        6.1809999999999921E-003   0.0000000000000000     
   4.4253999999999998       0.99578400000000000       0.99246100000000004        3.3229999999999649E-003   0.0000000000000000     
   4.5186000000000002       0.99461100000000002       0.99465700000000001       -4.5999999999990493E-005   0.0000000000000000     
   4.6117999999999997       0.99542900000000001       0.99620600000000004       -7.7700000000002767E-004   0.0000000000000000     
   4.7049000000000003       0.99658999999999998       0.99721599999999999       -6.2600000000001543E-004   0.0000000000000000     
   4.7980999999999998       0.99378800000000000       0.99787599999999999       -4.0879999999999805E-003   0.0000000000000000     
   4.8913000000000002       0.99529400000000001       0.99831800000000004       -3.0240000000000267E-003   0.0000000000000000     
   4.9843999999999999       0.99449100000000001       0.99862099999999998       -4.1299999999999670E-003   0.0000000000000000     
   5.0776000000000003       0.99102699999999999       0.99883299999999997       -7.8059999999999796E-003   0.0000000000000000     
   5.1707999999999998       0.99230499999999999       0.99898500000000001       -6.6800000000000193E-003   0.0000000000000000     
   5.2638999999999996       0.99278599999999995       0.99909400000000004       -6.3080000000000913E-003   0.0000000000000000     
   5.3571000000000000       0.99321400000000004       0.99917100000000003       -5.9569999999999901E-003   0.0000000000000000     
   5.4503000000000004       0.99572499999999997       0.99922500000000003       -3.5000000000000586E-003   0.0000000000000000     
   5.5434000000000001       0.99450400000000005       0.99925900000000001       -4.7549999999999537E-003   0.0000000000000000     
   5.6365999999999996       0.99573599999999995       0.99927699999999997       -3.5410000000000164E-003   0.0000000000000000     
   5.7298000000000000       0.99695400000000001       0.99928099999999997       -2.3269999999999680E-003   0.0000000000000000     
   5.8228999999999997       0.99673999999999996       0.99926999999999999       -2.5300000000000322E-003   0.0000000000000000     
   5.9161000000000001       0.99989899999999998       0.99924500000000005        6.5399999999993241E-004   0.0000000000000000     
   6.0092999999999996       0.99713700000000005       0.99920500000000001       -2.0679999999999588E-003   0.0000000000000000     
   6.1024000000000003       0.99717599999999995       0.99914599999999998       -1.9700000000000273E-003   0.0000000000000000     
   6.1955999999999998       0.99894099999999997       0.99906499999999998       -1.2400000000001299E-004   0.0000000000000000     
   6.2888000000000002       0.99901099999999998       0.99895599999999996        5.5000000000027249E-005   0.0000000000000000     
   6.3818999999999999       0.99969799999999998       0.99881100000000000        8.8699999999997114E-004   0.0000000000000000     
   6.4751000000000003       0.99791399999999997       0.99861500000000003       -7.0100000000006268E-004   0.0000000000000000     
   6.5682999999999998       0.99834900000000004       0.99834900000000004        0.0000000000000000        0.0000000000000000     
   6.6614000000000004       0.99676900000000002       0.99797999999999998       -1.2109999999999621E-003   0.0000000000000000     
   6.7545999999999999       0.99771399999999999       0.99745600000000001        2.5799999999998047E-004   0.0000000000000000     
   6.8478000000000003       0.99911700000000003       0.99668900000000005        2.4279999999999857E-003   0.0000000000000000     
   6.9409000000000001        1.0008820000000000       0.99553599999999998        5.3460000000000729E-003   0.0000000000000000     
   7.0340999999999996       0.99909199999999998       0.99376500000000001        5.3269999999999706E-003   0.0000000000000000     
   7.1273000000000000       0.99774200000000002       0.99109199999999997        6.6500000000000448E-003   0.0000000000000000     
   7.2203999999999997       0.99744200000000005       0.98755400000000004        9.8880000000000079E-003   0.0000000000000000     
   7.3136000000000001       0.99839999999999995       0.98463599999999996        1.3763999999999998E-002   0.0000000000000000     
   7.4067999999999996       0.99883699999999997       0.98500600000000005        1.3830999999999927E-002   0.0000000000000000     
   7.4999000000000002       0.99843800000000005       0.98825900000000000        1.0179000000000049E-002   0.0000000000000000     
   7.5930999999999997       0.99710500000000002       0.99169499999999999        5.4100000000000259E-003   0.0000000000000000     
   7.6863000000000001       0.99980999999999998       0.99419199999999996        5.6180000000000119E-003   0.0000000000000000     
   7.7793999999999999       0.99640899999999999       0.99583600000000005        5.7299999999993467E-004   0.0000000000000000     
   7.8726000000000003       0.99837900000000002       0.99691300000000005        1.4659999999999673E-003   0.0000000000000000     
   7.9657999999999998       0.99658500000000005       0.99763599999999997       -1.0509999999999131E-003   0.0000000000000000     
   8.0589999999999993       0.99637500000000001       0.99813900000000000       -1.7639999999999878E-003   0.0000000000000000     
   8.1521000000000008       0.99826700000000002       0.99849800000000000       -2.3099999999998122E-004   0.0000000000000000     
   8.2453000000000003        1.0002720000000000       0.99876299999999996        1.5090000000000936E-003   0.0000000000000000     
   8.3384999999999998       0.99650099999999997       0.99896399999999996       -2.4629999999999930E-003   0.0000000000000000     
   8.4315999999999995       0.99812199999999995       0.99911799999999995       -9.9599999999999689E-004   0.0000000000000000     
   8.5248000000000008       0.99786900000000001       0.99924000000000002       -1.3710000000000111E-003   0.0000000000000000     
   8.6180000000000003       0.99839400000000000       0.99933799999999995       -9.4399999999994488E-004   0.0000000000000000     
   8.7111000000000001       0.99902599999999997       0.99941800000000003       -3.9200000000005897E-004   0.0000000000000000     
   8.8042999999999996       0.99880400000000003       0.99948300000000001       -6.7899999999998517E-004   0.0000000000000000     
   8.8975000000000009       0.99862300000000004       0.99953800000000004       -9.1499999999999915E-004   0.0000000000000000     
   8.9906000000000006       0.99768900000000005       0.99958400000000003       -1.8949999999999800E-003   0.0000000000000000     
   9.0838000000000001       0.99546699999999999       0.99962300000000004       -4.1560000000000485E-003   0.0000000000000000     
   9.1769999999999996       0.99928499999999998       0.99965700000000002       -3.7200000000003897E-004   0.0000000000000000     
   9.2700999999999993       0.99660899999999997       0.99968599999999996       -3.0769999999999964E-003   0.0000000000000000     
   9.3633000000000006        1.0001460000000000       0.99971100000000002        4.3499999999996319E-004   0.0000000000000000     
   9.4565000000000001       0.99914000000000003       0.99973400000000001       -5.9399999999998343E-004   0.0000000000000000     
   9.5495999999999999        1.0006630000000001       0.99975300000000000        9.1000000000007741E-004   0.0000000000000000     
   9.6427999999999994        1.0000709999999999       0.99977099999999997        2.9999999999996696E-004   0.0000000000000000     
   9.7360000000000007       0.99961500000000003       0.99978599999999995       -1.7099999999992122E-004   0.0000000000000000     
   9.8291000000000004       0.99988200000000005       0.99980000000000002        8.2000000000026496E-005   0.0000000000000000     
   9.9222999999999999       0.99909400000000004       0.99981200000000003       -7.1799999999999642E-004   0.0000000000000000     
   10.015499999999999        1.0015710000000000       0.99982400000000005        1.7469999999999430E-003   0.0000000000000000     
   10.108599999999999       0.99986600000000003       0.99983400000000000        3.2000000000032003E-005   0.0000000000000000     
   10.201800000000000       0.99942600000000004       0.99984300000000004       -4.1700000000000070E-004   0.0000000000000000     
   10.295000000000000        1.0009520000000001       0.99985199999999996        1.1000000000001009E-003   0.0000000000000000     
   10.388100000000000       0.99730300000000005       0.99985900000000005       -2.5560000000000027E-003   0.0000000000000000     
   10.481299999999999        1.0007200000000001       0.99986600000000003        8.5400000000002141E-004   0.0000000000000000     
   10.574500000000000       0.99932799999999999       0.99987300000000001       -5.4500000000001769E-004   0.0000000000000000     
   10.667600000000000       0.99970999999999999       0.99987899999999996       -1.6899999999997473E-004   0.0000000000000000     
   10.760800000000000       0.99827600000000005       0.99988500000000002       -1.6089999999999716E-003   0.0000000000000000     
   10.853999999999999       0.99987400000000004       0.99988999999999995       -1.5999999999904979E-005   0.0000000000000000     
   10.947100000000001        1.0008910000000000       0.99989499999999998        9.9599999999999689E-004   0.0000000000000000     
   11.040300000000000        1.0001720000000001       0.99989899999999998        2.7300000000007874E-004   0.0000000000000000     
   11.133500000000000       0.99850600000000000       0.99990299999999999       -1.3969999999999816E-003   0.0000000000000000     
   11.226599999999999        1.0000119999999999       0.99990699999999999        1.0499999999991072E-004   0.0000000000000000     
   11.319800000000001       0.99876600000000004       0.99991099999999999       -1.1449999999999516E-003   0.0000000000000000     
   11.413000000000000        1.0009330000000001       0.99991399999999997        1.0190000000001032E-003   0.0000000000000000     
   11.506100000000000       0.99853499999999995       0.99991699999999994       -1.3819999999999943E-003   0.0000000000000000     
   11.599299999999999        1.0003530000000000       0.99992000000000003        4.3300000000001670E-004   0.0000000000000000     
   11.692500000000001        1.0011669999999999       0.99992300000000001        1.2439999999999118E-003   0.0000000000000000     
   11.785600000000001        1.0000180000000001       0.99992599999999998        9.2000000000092008E-005   0.0000000000000000     
   11.878800000000000        1.0000180000000001       0.99992800000000004        9.0000000000034497E-005   0.0000000000000000     
