# velocidad_mm_s datos_norm ajuste_norm residuo cuentas_dobladas
-11.8788 0.9998228902 0.9995044791 0.0003184111411 419572.1313
-11.78563294 1.000172777 0.9995020219 0.000670754783 419718.9599
-11.69246588 1.001669983 0.9994994958 0.002170487041 420347.2572
-11.59929882 0.9994845496 0.9994968967 -1.234714648e-05 419430.1479
-11.50613176 0.9987920402 0.9994942203 -0.0007021801202 419139.5388
-11.41296471 1.000225467 0.9994914617 0.0007340056604 419741.0714
-11.31979765 1.000737838 0.9994886156 0.001249222067 419956.0858
-11.22663059 0.9999045189 0.9994856762 0.0004188427161 419606.3865
-11.13346353 1.000281555 0.9994826371 0.0007989175278 419764.6082
-11.04029647 1.000828822 0.9994794911 0.001349331067 419994.2671
-10.94712941 0.9998934016 0.9994762304 0.0004171711741 419601.7212
-10.85396235 0.9989388172 0.9994728463 -0.0005340291092 419201.1332
-10.76079529 0.9990833979 0.9994693288 -0.0003859309047 419261.806
-10.66762824 0.9991485426 0.9994656669 -0.0003171243434 419289.1437
-10.57446118 0.9996403313 0.9994618481 0.0001784832017 419495.5211
-10.48129412 0.9987423063 0.9994578582 -0.0007155518762 419118.6681
-10.38812706 0.9998278445 0.9994536809 0.0003741635956 419574.2104
-10.29496 1.000324803 0.9994492976 0.0008755055182 419782.7573
-10.20179294 0.9974084748 0.9994446866 -0.002036211775 418558.9305
-10.10862588 0.9988976172 0.9994398228 -0.0005422055917 419183.8438
-10.01545882 0.9993537597 0.9994346765 -8.091685971e-05 419375.2623
-9.922291765 1.000992873 0.9994292128 0.001563659869 420063.1103
-9.829124706 1.000165455 0.9994233896 0.0007420656226 419715.8875
-9.735957647 0.9995345584 0.9994171565 0.0001174018707 419451.1339
-9.642790588 0.9992000139 0.9994104518 -0.0002104378783 419310.7435
-9.549623529 0.9997777738 0.9994031993 0.0003745744671 419553.1984
-9.456456471 0.9982926077 0.9993953038 -0.00110269612 418929.9537
-9.363289412 0.9998878014 0.9993866444 0.0005011569181 419599.3711
-9.270122353 1.000610022 0.9993770656 0.001232956707 419902.4485
-9.176955294 0.9981544592 0.9993663632 -0.001211903988 418871.9802
-9.083788235 0.9999900362 0.9993542642 0.0006357719828 419642.2736
-8.990621176 0.9989619951 0.9993403958 -0.0003784007004 419210.8598
-8.897454118 0.9995940061 0.9993242354 0.0002697706925 419476.0809
-8.804287059 0.9990791437 0.9993050305 -0.0002258868046 419260.0207
-8.71112 0.9997767314 0.9992816613 0.0004950700998 419552.761
-8.617952941 0.9991485631 0.9992524001 -0.000103836967 419289.1524
-8.524785882 0.9996692991 0.9992144639 0.0004548351574 419507.6773
-8.431618824 0.9976740612 0.9991631453 -0.001489084079 418670.3829
-8.338451765 0.9982705217 0.999090022 -0.0008195002796 418920.6854
-8.245284706 0.9997804694 0.9989790817 0.0008013877743 419554.3296
-8.152117647 0.9980322599 0.9987981868 -0.0007659268784 418820.6997
-8.058950588 0.9989185932 0.9984828751 0.0004357181398 419192.6463
-7.965783529 0.9981415886 0.9979386018 0.0002029867777 418866.5791
-7.872616471 0.9991608804 0.9972944978 0.001866382674 419294.3213
-7.779449412 0.9975626588 0.9973107265 0.0002519322599 418623.6332
-7.686282353 0.9965280221 0.9978479421 -0.001319920032 418189.4516
-7.593115294 0.9972858829 0.9981742392 -0.0008883562134 418507.4852
-7.499948235 1.00019225 0.9982264776 0.001965772778 419727.132
-7.406781176 0.9984525438 0.9982273027 0.0002252411557 418997.0703
-7.313614118 0.9989212884 0.9982999583 0.0006213301117 419193.7773
-7.220447059 0.9974638057 0.9982429429 -0.0007791372095 418582.1499
-7.12728 0.9973370579 0.9979654477 -0.0006283897655 418528.9606
-7.034112941 0.996938626 0.9976751474 -0.0007365213945 418361.7601
-6.940945882 0.9980047287 0.9977694618 0.0002352668892 418809.1463
-6.847778824 0.9980839163 0.9979013968 0.0001825195639 418842.3771
-6.754611765 0.9962089739 0.997731501 -0.001522527054 418055.5642
-6.661444706 0.9950631234 0.9973774267 -0.00231430326 417574.7121
-6.568277647 0.9976465953 0.9974539023 0.0001926930302 418658.8569
-6.475110588 0.9969326487 0.9979112078 -0.0009785590794 418359.2517
-6.381943529 0.9969000768 0.9982233786 -0.001323301809 418345.583
-6.288776471 0.9990211072 0.9983431073 0.0006779999614 419235.6659
-6.195609412 0.9963062243 0.9983414158 -0.002035191525 418096.3749
-6.102442353 0.9948566536 0.9982465729 -0.003389919267 417488.0677
-6.009275294 0.9982768473 0.998021013 0.0002558343696 418923.3399
-5.916108235 0.9986737439 0.9976180999 0.001055643992 419089.8962
-5.822941176 0.9963118132 0.9971625165 -0.0008507033627 418098.7203
-5.729774118 0.996323372 0.9969252222 -0.0006018502357 418103.5709
-5.636607059 0.9967797735 0.9965313227 0.0002484507828 418295.0982
-5.54344 0.9962524342 0.9955298953 0.0007225388942 418073.8021
-5.450272941 0.9948904691 0.9939469304 0.000943538653 417502.2583
-5.357105882 0.9940387782 0.9928684452 0.001170333042 417144.8492
-5.263938824 0.9946321911 0.9931187009 0.001513490212 417393.8728
-5.170771765 0.9946453565 0.9941818935 0.0004634629056 417399.3976
-5.077604706 0.9974034146 0.9947023145 0.002701100102 418556.807
-4.984437647 0.9964962599 0.9949832513 0.001513008586 418176.1227
-4.891270588 0.9979499107 0.9956294411 0.002320469695 418786.1421
-4.798103529 0.9976149442 0.9959426743 0.001672269892 418645.5746
-4.704936471 0.9982498763 0.9956519759 0.002597900371 418912.0216
-4.611769412 0.9935156345 0.9952476893 -0.001732054813 416925.3138
-4.518602353 0.995122461 0.9954721611 -0.000349700132 417599.6129
-4.425435294 0.994887243 0.9957061871 -0.0008189441115 417500.9045
-4.332268235 0.9914166444 0.9955274168 -0.004110772447 416044.4801
-4.239101176 0.9947475729 0.9950120567 -0.0002644838504 417442.2924
-4.145934118 0.9932107009 0.9946627101 -0.001452009138 416797.3495
-4.052767059 0.9942889513 0.9946538781 -0.0003649268765 417249.8335
-3.9596 0.9938762168 0.9943455837 -0.0004693669017 417076.6309
-3.866432941 0.9937724258 0.9938021098 -2.968402405e-05 417033.0754
-3.773265882 0.9933574438 0.9929129001 0.0004445437043 416858.9297
-3.680098824 0.9908401396 0.9909375236 -9.738398222e-05 415802.5519
-3.586931765 0.9912956796 0.9870144468 0.004281232756 415993.7176
-3.493764706 0.9871955396 0.9802916923 0.006903847259 414273.1084
-3.400597647 0.9819901473 0.9739372208 0.008052926524 412088.684
-3.307430588 0.9726035262 0.975324536 -0.002721009859 408149.6217
-3.214263529 0.9670003659 0.979091026 -0.01209066012 405798.2753
-3.121096471 0.9706820151 0.9803966231 -0.00971460791 407343.2664
-3.027929412 0.9779624406 0.980035392 -0.002072951401 410398.4711
-2.934762353 0.9847133272 0.9820013663 0.002711960879 413231.4568
-2.841595294 0.988553524 0.9864856764 0.002067847595 414842.9817
-2.748428235 0.9877574238 0.9895258901 -0.00176846631 414508.9011
-2.655261176 0.9926026039 0.9909080152 0.001694588695 416542.1638
-2.562094118 0.991374611 0.9913487342 2.587676983e-05 416026.8409
-2.468927059 0.9920383625 0.9914899736 0.0005483888868 416305.3819
-2.37576 0.9901972119 0.9910433442 -0.0008461322881 415532.7496
-2.282592941 0.9912508787 0.989247093 0.002003785706 415974.9171
-2.189425882 0.9882172877 0.9855328259 0.002684461776 414701.8814
-2.096258824 0.9860063352 0.9803837446 0.005622590577 413774.063
-2.003091765 0.9820564085 0.977950084 0.004106324542 412116.4903
-1.909924706 0.975943814 0.9787412938 -0.002797479824 409551.3616
-1.816757647 0.9739666913 0.9787764229 -0.004809731566 408721.6691
-1.723590588 0.9782266502 0.9815750013 -0.003348351146 410509.3458
-1.630423529 0.985072983 0.9859854141 -0.0009124311773 413382.385
-1.537256471 0.9851581731 0.9887144812 -0.003556308038 413418.1348
-1.444089412 0.9879492155 0.9897663615 -0.001817146004 414589.3858
-1.350922353 0.9880962924 0.9895076461 -0.001411353694 414651.1061
-1.257755294 0.9875664413 0.9884511764 -0.0008847350381 414428.756
-1.164588235 0.9885772007 0.9867871337 0.001790067002 414852.9176
-1.071421176 0.9863918365 0.9854504294 0.0009414070425 413935.8372
-0.9782541176 0.9852222575 0.9845869017 0.0006353558565 413445.0276
-0.8850870588 0.9821028984 0.9828358242 -0.0007329257363 412135.9996
-0.79192 0.9810998136 0.9797990642 0.001300749442 411715.0586
-0.6987529412 0.9761175693 0.9738898979 0.002227671383 409624.2774
-0.6055858824 0.9685612945 0.9654853639 0.003075930624 406453.3135
-0.5124188235 0.9563410996 0.9605161086 -0.004175008951 401325.1521
-0.4192517647 0.9441522918 0.9582120368 -0.01405974495 396210.1621
-0.3260847059 0.9311095151 0.9527453099 -0.02163579471 390736.8071
-0.2329176471 0.9121270441 0.9408020026 -0.02867495855 382770.8804
-0.1397505882 0.9157187701 0.9302794326 -0.01456066253 384278.1355
-0.04658352941 0.9351508283 0.9319361096 0.003214718741 392432.7298
0.04658352941 0.9483414415 0.9369362353 0.0114052062 397968.1239
0.1397505882 0.954241247 0.9414703791 0.01277086797 400443.9564
0.2329176471 0.9595276793 0.9433139083 0.01621377096 402662.3889
0.3260847059 0.9689668205 0.9495835156 0.0193833049 406623.4911
0.4192517647 0.9715105656 0.9581906686 0.01331989702 407690.9647
0.5124188235 0.9712010928 0.9643031985 0.006897894333 407561.0955
0.6055858824 0.9711669323 0.9686841541 0.002482778172 407546.7602
0.6987529412 0.9744015294 0.9729599551 0.001441574274 408904.1474
0.79192 0.9803925662 0.9780826072 0.002309958933 411418.2647
0.8850870588 0.9844518907 0.9818114583 0.00264043244 413121.7459
0.9782541176 0.9861399134 0.983842016 0.002297897434 413830.1186
1.071421176 0.9889096827 0.9859429728 0.002966709914 414992.4425
1.164588235 0.9883465475 0.9880434025 0.0003031449273 414756.1248
1.257755294 0.9886743491 0.9894495255 -0.0007751764278 414893.6856
1.350922353 0.9884427299 0.9900839007 -0.001641170734 414796.4874
1.444089412 0.9901255669 0.9896024331 0.000523133881 415502.684
1.537256471 0.9879222566 0.987838526 8.373061012e-05 414578.0726
1.630423529 0.9874978387 0.984398111 0.003099727787 414399.9672
1.723590588 0.9853531907 0.9804578442 0.004895346461 413499.9732
1.816757647 0.9813659853 0.9771183146 0.004247670614 411826.7566
1.909924706 0.9757139181 0.9750994468 0.0006144712467 409454.8866
2.003091765 0.9738035177 0.9790998181 -0.005296300403 408653.1939
2.096258824 0.9821339502 0.9852696554 -0.003135705185 412149.0304
2.189425882 0.9843461358 0.9890445108 -0.004698375017 413077.3662
2.282592941 0.9885711171 0.9908752517 -0.00230413466 414850.3646
2.37576 0.9926102089 0.9918849784 0.0007252305517 416545.3552
2.468927059 0.9898748061 0.9924438943 -0.002569088274 415397.4531
2.562094118 0.9928384269 0.9924143431 0.0004240838399 416641.1261
2.655261176 0.9910269841 0.9917706752 -0.0007436910963 415880.9605
2.748428235 0.989774749 0.9907566719 -0.0009819228729 415355.4645
2.841595294 0.9890622454 0.9887760641 0.0002861813237 415056.4649
2.934762353 0.9865429808 0.9853623047 0.001180676153 413999.2644
3.027929412 0.9854199131 0.9808969343 0.004522978783 413527.973
3.121096471 0.9838859145 0.9797134444 0.004172470124 412884.236
3.214263529 0.9792042597 0.9819134166 -0.002709156969 410919.5961
3.307430588 0.9720110637 0.9815157761 -0.009504712383 407900.9969
3.400597647 0.9689444502 0.9773538231 -0.008409372855 406614.1035
3.493764706 0.9715370781 0.9749472679 -0.003410189807 407702.0906
3.586931765 0.9815447771 0.9804544231 0.001090353975 411901.786
3.680098824 0.9866531746 0.9867761508 -0.0001229761987 414045.5068
3.773265882 0.9895981922 0.9904097936 -0.0008116014647 415281.373
3.866432941 0.993319733 0.9925063874 0.000813345603 416843.1044
3.9596 0.9931889267 0.9937863818 -0.0005974550819 416788.2121
4.052767059 0.9931131542 0.9944733151 -0.001360160909 416756.4144
4.145934118 0.9950087054 0.9948854297 0.0001232756422 417551.8757
4.239101176 0.9951953036 0.9949279557 0.0002673479636 417630.181
4.332268235 0.9963503199 0.995015364 0.001334955828 418114.8795
4.425435294 0.9957921602 0.9952398423 0.0005523179223 417880.6498
4.518602353 0.9946212735 0.9953820392 -0.0007607657193 417389.2913
4.611769412 0.9954296393 0.9957414805 -0.0003118412558 417728.5191
4.704936471 0.9965896438 0.9960830956 0.0005065482293 418215.311
4.798103529 0.9938012671 0.9963909518 -0.002589684691 417045.1785
4.891270588 0.9952972506 0.996401907 -0.00110465638 417672.9627
4.984437647 0.9944935087 0.9959241168 -0.001430608111 417335.6753
5.077604706 0.9910407638 0.9951617757 -0.004121011949 415886.7431
5.170771765 0.9923095567 0.9947923105 -0.002482753794 416419.1876
5.263938824 0.9927918177 0.9942851554 -0.001493337734 416621.5667
5.357105882 0.993219782 0.9932008787 1.890334502e-05 416801.1604
5.450272941 0.9957230863 0.9928366251 0.002886461268 417851.6632
5.54344 0.9945169887 0.9938176229 0.0006993657743 417345.5286
5.636607059 0.9957434041 0.9954037699 0.0003396341867 417860.1894
5.729774118 0.9969603711 0.9964508409 0.0005095302177 418370.8853
5.822941176 0.996752318 0.99687232 -0.0001200020572 418283.5766
5.916108235 0.9998866229 0.9970958376 0.00279078528 419598.8765
6.009275294 0.9971496712 0.9975367285 -0.0003870572893 418450.3244
6.102442353 0.9971912335 0.997948339 -0.0007571054937 418467.7659
6.195609412 0.9989454553 0.9981825231 0.0007629321641 419203.9189
6.288776471 0.9990146308 0.9982822563 0.0007323745094 419232.9481
6.381943529 0.9996901917 0.9982881715 0.001402020186 419516.4449
6.475110588 0.997924009 0.998177195 -0.0002531859679 418775.2726
6.568277647 0.9983586855 0.9978787718 0.0004799136921 418957.683
6.661444706 0.9967828989 0.9974182491 -0.0006353502029 418296.4097
6.754611765 0.9977207334 0.997293327 0.0004274064078 418689.9687
6.847778824 0.9991257799 0.9976379784 0.001487801524 419279.5915
6.940945882 1.000876661 0.9978294751 0.0030471861 420014.3426
7.034112941 0.9991034292 0.9977123222 0.001391107038 419270.2121
7.12728 0.9977509569 0.9975936082 0.0001573486566 418702.6519
7.220447059 0.9974438198 0.9978629086 -0.0004190888504 418573.7628
7.313614118 0.9984003296 0.9981523196 0.0002480099836 418975.1588
7.406781176 0.9988426851 0.9982232653 0.0006194197415 419160.7917
7.499948235 0.9984513223 0.9981510802 0.0003002421142 418996.5577
7.593115294 0.9971155307 0.9981423451 -0.001026814335 418435.9975
7.686282353 0.9997990587 0.9981020576 0.001697001108 419562.1305
7.779449412 0.9964242634 0.9977976145 -0.001373351035 418145.9096
7.872616471 0.998371264 0.9972582073 0.001113056658 418962.9615
7.965783529 0.9966017836 0.9971754687 -0.0005736850115 418220.4054
8.058950588 0.9963860723 0.9977997199 -0.001413647606 418129.8829
8.152117647 0.9982684623 0.9983610353 -9.257298266e-05 418919.8212
8.245284706 1.000266435 0.9986886003 0.001577834995 419758.2634
8.338451765 0.9965176701 0.9988753105 -0.00235764043 418185.1074
8.431618824 0.9981229532 0.9989886911 -0.00086573792 418858.7588
8.524785882 0.9978777401 0.9990626065 -0.001184866343 418755.856
8.617952941 0.9984024726 0.99911388 -0.0007114073799 418976.0581
8.71112 0.9990275785 0.9991513211 -0.0001237426641 419238.3816
8.804287059 0.9988136369 0.999179832 -0.0003661950309 419148.6018
8.897454118 0.9986295044 0.9992022989 -0.0005727945519 419071.3312
8.990621176 0.9976898405 0.999220508 -0.001530667514 418677.0046
9.083788235 0.9954849652 0.9992356128 -0.003750647671 417751.7365
9.176955294 0.9992752546 0.999248387 2.686766083e-05 419342.318
9.270122353 0.9966284673 0.9992593659 -0.002630898691 418231.6031
9.363289412 1.000140809 0.9992689313 0.0008718772591 419705.5446
9.456456471 0.9991559129 0.9992773616 -0.0001214487506 419292.2367
9.549623529 1.000669709 0.999284865 0.00138484382 419927.4957
9.642790588 1.000068828 0.9992915996 0.0007772281432 419675.3381
9.735957647 0.9996195247 0.9992976882 0.0003218365682 419486.7897
9.829124706 0.9998887489 0.9993032273 0.0005855216103 419599.7687
9.922291765 0.9991053553 0.9993082941 -0.0002029388118 419271.0203
10.01545882 1.001565063 0.9993129509 0.002252112283 420303.228
10.10862588 0.9998766495 0.9993172487 0.0005594007835 419594.6912
10.20179294 0.9994341099 0.9993212299 0.0001128800165 419408.9811
10.29496 1.000948755 0.9993249297 0.00162382561 420044.5966
10.38812706 0.9973284103 0.9993283778 -0.001999967468 418525.3317
10.48129412 1.000711513 0.9993315996 0.001379913317 419945.0387
10.57446118 0.9993401859 0.9993346167 5.569141167e-06 419369.5662
10.66762824 0.9997118399 0.999337448 0.0003743919525 419525.5295
10.76079529 0.9982875439 0.9993401095 -0.00105256559 418927.8287
10.85396235 0.9998805972 0.9993426157 0.0005379815113 419596.3478
10.94712941 1.00088859 0.9993449789 0.001543611564 420019.3486
11.04029647 1.000177127 0.9993472102 0.0008299166483 419720.7855
11.13346353 0.9985193111 0.9993493194 -0.000830008295 419025.089
11.22663059 1.000009964 0.9993513153 0.0006586484855 419650.6361
11.31979765 0.998777495 0.9993532057 -0.0005757107088 419133.4349
11.41296471 1.000931349 0.9993549977 0.001576351701 420037.2923
11.50613176 0.9985522248 0.9993566977 -0.0008044728311 419038.9011
11.59929882 1.000357155 0.9993583114 0.0009988431846 419796.3335
11.69246588 1.001166721 0.9993598441 0.001806876737 420136.0651
11.78563294 1.000778234 0.9993613005 0.001416933546 419973.038
11.8788 0.9993995866 0.9993626852 3.690142103e-05 419394.4935
