# velocidad_mm/s	Normos_PLT_exp	Doblado_256p5_norm	diferencia	Doblado_256p5_cuentas
-11.87880000	0.999818	0.999817	-0.00000057	419572.500000
-11.78560000	1.000161	1.000161	-0.00000043	419716.500000
-11.69250000	1.001675	1.001675	-0.00000007	420352.000000
-11.59930000	0.999478	0.999478	-0.00000014	419430.000000
-11.50610000	0.998777	0.998776	-0.00000092	419135.500000
-11.41300000	1.000227	1.000226	-0.00000090	419744.000000
-11.31980000	1.000737	1.000736	-0.00000095	419958.000000
-11.22660000	0.999887	0.999887	-0.00000047	419601.500000
-11.13350000	1.000274	1.000274	-0.00000024	419764.000000
-11.04030000	1.000828	1.000828	-0.00000021	419996.500000
-10.94710000	0.999892	0.999891	-0.00000070	419603.500000
-10.85400000	0.998931	0.998931	-0.00000003	419200.500000
-10.76080000	0.999074	0.999074	-0.00000005	419260.500000
-10.66760000	0.999142	0.999142	-0.00000014	419289.000000
-10.57450000	0.999638	0.999638	-0.00000049	419497.000000
-10.48130000	0.998729	0.998728	-0.00000058	419115.500000
-10.38810000	0.999822	0.999821	-0.00000100	419574.000000
-10.29500000	1.000331	1.000331	-0.00000005	419788.000000
-10.20180000	0.997393	0.997393	-0.00000022	418555.000000
-10.10860000	0.998892	0.998892	-0.00000035	419184.000000
-10.01550000	0.999346	0.999346	-0.00000040	419374.500000
-9.92230000	1.000986	1.000985	-0.00000093	420062.500000
-9.82910000	1.000160	1.000159	-0.00000062	419716.000000
-9.73600000	0.999536	0.999535	-0.00000095	419454.000000
-9.64280000	0.999191	0.999191	-0.00000029	419309.500000
-9.54960000	0.999777	0.999777	-0.00000008	419555.500000
-9.45650000	0.998281	0.998280	-0.00000057	418927.500000
-9.36330000	0.999885	0.999884	-0.00000085	419600.500000
-9.27010000	1.000611	1.000611	-0.00000005	419905.500000
-9.17700000	0.998136	0.998135	-0.00000093	418866.500000
-9.08380000	0.999992	0.999991	-0.00000062	419645.500000
-8.99060000	0.998948	0.998948	-0.00000035	419207.500000
-8.89750000	0.999584	0.999584	-0.00000010	419474.500000
-8.80430000	0.999072	0.999072	-0.00000044	419259.500000
-8.71110000	0.999777	0.999777	-0.00000008	419555.500000
-8.61800000	0.999146	0.999145	-0.00000056	419290.500000
-8.52480000	0.999667	0.999666	-0.00000089	419509.000000
-8.43160000	0.997663	0.997662	-0.00000095	418668.000000
-8.33850000	0.998264	0.998264	-0.00000025	418920.500000
-8.24530000	0.999780	0.999779	-0.00000070	419556.500000
-8.15210000	0.998022	0.998022	-0.00000012	418819.000000
-8.05900000	0.998918	0.998918	-0.00000014	419195.000000
-7.96580000	0.998134	0.998134	-0.00000012	418866.000000
-7.87260000	0.999160	0.999160	-0.00000027	419296.500000
-7.77940000	0.997555	0.997555	-0.00000018	418623.000000
-7.68630000	0.996516	0.996516	-0.00000014	418187.000000
-7.59310000	0.997278	0.997277	-0.00000079	418506.500000
-7.49990000	1.000196	1.000195	-0.00000088	419731.000000
-7.40680000	0.998441	0.998440	-0.00000092	418994.500000
-7.31360000	0.998918	0.998918	-0.00000014	419195.000000
-7.22040000	0.997456	0.997456	-0.00000007	418581.500000
-7.12730000	0.997334	0.997333	-0.00000079	418530.000000
-7.03410000	0.996929	0.996928	-0.00000089	418360.000000
-6.94090000	0.998005	0.998004	-0.00000099	418811.500000
-6.84780000	0.998078	0.998078	-0.00000012	418842.500000
-6.75460000	0.996198	0.996198	-0.00000027	418053.500000
-6.66140000	0.995052	0.995052	-0.00000046	417572.500000
-6.56830000	0.997648	0.997648	-0.00000024	418662.000000
-6.47510000	0.996923	0.996922	-0.00000085	418357.500000
-6.38190000	0.996890	0.996890	-0.00000002	418344.000000
-6.28880000	0.999032	0.999031	-0.00000095	419242.500000
-6.19560000	0.996300	0.996299	-0.00000099	418096.000000
-6.10240000	0.994839	0.994838	-0.00000073	417483.000000
-6.00930000	0.998275	0.998274	-0.00000053	418925.000000
-5.91610000	0.998672	0.998671	-0.00000077	419091.500000
-5.82290000	0.996300	0.996299	-0.00000099	418096.000000
-5.72980000	0.996319	0.996318	-0.00000093	418104.000000
-5.63660000	0.996777	0.996777	-0.00000021	418296.500000
-5.54340000	0.996247	0.996247	-0.00000042	418074.000000
-5.45030000	0.994884	0.994884	-0.00000046	417502.000000
-5.35710000	0.994024	0.994023	-0.00000070	417141.000000
-5.26390000	0.994626	0.994625	-0.00000101	417393.500000
-5.17080000	0.994636	0.994636	-0.00000028	417398.000000
-5.07760000	0.997406	0.997406	-0.00000011	418560.500000
-4.98440000	0.996488	0.996487	-0.00000074	418175.000000
-4.89130000	0.997950	0.997949	-0.00000080	418788.500000
-4.79810000	0.997604	0.997604	-0.00000033	418643.500000
-4.70490000	0.998254	0.998253	-0.00000098	418916.000000
-4.61180000	0.993501	0.993500	-0.00000076	416921.500000
-4.51860000	0.995121	0.995121	-0.00000036	417601.500000
-4.42540000	0.994885	0.994885	-0.00000027	417502.500000
-4.33230000	0.991397	0.991396	-0.00000090	416038.500000
-4.23910000	0.994751	0.994750	-0.00000090	417446.000000
-4.14590000	0.993199	0.993199	-0.00000020	416795.000000
-4.05280000	0.994285	0.994284	-0.00000077	417250.500000
-3.95960000	0.993867	0.993866	-0.00000098	417075.000000
-3.86640000	0.993771	0.993771	-0.00000029	417035.000000
-3.77330000	0.993358	0.993357	-0.00000073	416861.500000
-3.68010000	0.990832	0.990831	-0.00000065	415801.500000
-3.58690000	0.991301	0.991301	-0.00000021	415998.500000
-3.49380000	0.987191	0.987190	-0.00000079	414273.500000
-3.40060000	0.981992	0.981992	-0.00000018	412092.000000
-3.30740000	0.972583	0.972583	-0.00000023	408143.500000
-3.21430000	0.966974	0.966973	-0.00000068	405789.500000
-3.12110000	0.970673	0.970673	-0.00000016	407342.000000
-3.02790000	0.977960	0.977960	-0.00000012	410400.000000
-2.93480000	0.984714	0.984713	-0.00000086	413234.000000
-2.84160000	0.988554	0.988553	-0.00000075	414845.500000
-2.74840000	0.987740	0.987739	-0.00000052	414504.000000
-2.65530000	0.992612	0.992611	-0.00000060	416548.500000
-2.56210000	0.991360	0.991359	-0.00000083	416023.000000
-2.46890000	0.992040	0.992039	-0.00000050	416308.500000
-2.37580000	0.990186	0.990186	-0.00000043	415530.500000
-2.28260000	0.991250	0.991250	-0.00000045	415977.000000
-2.18940000	0.988213	0.988212	-0.00000051	414702.500000
-2.09630000	0.986006	0.986006	-0.00000011	413776.500000
-2.00310000	0.982059	0.982059	-0.00000046	412120.000000
-1.90990000	0.975928	0.975927	-0.00000077	409547.000000
-1.81680000	0.973940	0.973940	-0.00000015	408713.000000
-1.72360000	0.978220	0.978220	-0.00000038	410509.000000
-1.63040000	0.985088	0.985087	-0.00000074	413391.000000
-1.53730000	0.985145	0.985144	-0.00000055	413415.000000
-1.44410000	0.987948	0.987948	-0.00000001	414591.500000
-1.35090000	0.988089	0.988089	-0.00000042	414650.500000
-1.25780000	0.987558	0.987557	-0.00000082	414427.500000
-1.16460000	0.988582	0.988582	-0.00000015	414857.500000
-1.07140000	0.986383	0.986382	-0.00000061	413934.500000
-0.97830000	0.985222	0.985222	-0.00000010	413447.500000
-0.88510000	0.982092	0.982092	-0.00000010	412134.000000
-0.79190000	0.981098	0.981097	-0.00000098	411716.500000
-0.69880000	0.976116	0.976115	-0.00000052	409626.000000
-0.60560000	0.968568	0.968568	-0.00000049	406458.500000
-0.51240000	0.956335	0.956335	-0.00000033	401325.000000
-0.41930000	0.944142	0.944141	-0.00000085	396208.000000
-0.32610000	0.931114	0.931114	-0.00000040	390741.000000
-0.23290000	0.912086	0.912086	-0.00000020	382756.000000
-0.13980000	0.915689	0.915689	-0.00000019	384268.000000
-0.04660000	0.935153	0.935153	-0.00000031	392436.000000
0.04660000	0.948348	0.948347	-0.00000096	397973.000000
0.13980000	0.954237	0.954236	-0.00000051	400444.500000
0.23290000	0.959514	0.959514	-0.00000048	402659.000000
0.32610000	0.968979	0.968979	-0.00000043	406631.000000
0.41930000	0.971506	0.971506	-0.00000032	407691.500000
0.51240000	0.971192	0.971191	-0.00000087	407559.500000
0.60560000	0.971158	0.971158	-0.00000023	407545.500000
0.69880000	0.974390	0.974389	-0.00000096	408901.500000
0.79190000	0.980389	0.980388	-0.00000090	411419.000000
0.88510000	0.984447	0.984446	-0.00000075	413122.000000
0.97830000	0.986133	0.986132	-0.00000082	413829.500000
1.07140000	0.988914	0.988913	-0.00000092	414996.500000
1.16460000	0.988338	0.988338	-0.00000040	414755.000000
1.25780000	0.988671	0.988670	-0.00000098	414894.500000
1.35090000	0.988436	0.988435	-0.00000070	414796.000000
1.44410000	0.990128	0.990127	-0.00000081	415506.000000
1.53730000	0.987913	0.987912	-0.00000076	414576.500000
1.63040000	0.987498	0.987498	-0.00000039	414402.500000
1.72360000	0.985351	0.985351	-0.00000042	413501.500000
1.81680000	0.981364	0.981364	-0.00000009	411828.500000
1.90990000	0.975698	0.975697	-0.00000073	409450.500000
2.00310000	0.973775	0.973774	-0.00000076	408643.500000
2.09630000	0.982142	0.982142	-0.00000006	412155.000000
2.18940000	0.984335	0.984334	-0.00000075	413075.000000
2.28260000	0.988566	0.988565	-0.00000083	414850.500000
2.37580000	0.992617	0.992616	-0.00000083	416550.500000
2.46890000	0.989856	0.989856	-0.00000047	415392.000000
2.56210000	0.992845	0.992845	-0.00000007	416646.500000
2.65530000	0.991022	0.991022	-0.00000002	415881.500000
2.74840000	0.989768	0.989767	-0.00000064	415355.000000
2.84160000	0.989060	0.989060	-0.00000037	415058.000000
2.93480000	0.986535	0.986535	-0.00000010	413998.500000
3.02790000	0.985415	0.985415	-0.00000008	413528.500000
3.12110000	0.983887	0.983886	-0.00000074	412887.000000
3.21430000	0.979202	0.979201	-0.00000061	410921.000000
3.30740000	0.971993	0.971993	-0.00000001	407896.000000
3.40060000	0.968930	0.968930	-0.00000028	406610.500000
3.49380000	0.971518	0.971518	-0.00000041	407696.500000
3.58690000	0.981546	0.981545	-0.00000098	411904.500000
3.68010000	0.986655	0.986654	-0.00000095	414048.500000
3.77330000	0.989594	0.989593	-0.00000059	415282.000000
3.86640000	0.993317	0.993317	-0.00000024	416844.500000
3.95960000	0.993178	0.993177	-0.00000065	416786.000000
4.05280000	0.993105	0.993105	-0.00000033	416755.500000
4.14590000	0.995012	0.995011	-0.00000097	417555.500000
4.23910000	0.995187	0.995186	-0.00000082	417629.000000
4.33230000	0.996348	0.996348	-0.00000014	418116.500000
4.42540000	0.995784	0.995783	-0.00000090	417879.500000
4.51860000	0.994611	0.994611	-0.00000031	417387.500000
4.61180000	0.995429	0.995428	-0.00000096	417730.500000
4.70490000	0.996590	0.996590	-0.00000027	418218.000000
4.79810000	0.993788	0.993787	-0.00000061	417042.000000
4.89130000	0.995294	0.995293	-0.00000059	417674.000000
4.98440000	0.994491	0.994490	-0.00000064	417337.000000
5.07760000	0.991027	0.991027	-0.00000025	415883.500000
5.17080000	0.992305	0.992304	-0.00000099	416419.500000
5.26390000	0.992786	0.992785	-0.00000064	416621.500000
5.35710000	0.993214	0.993213	-0.00000090	416801.000000
5.45030000	0.995725	0.995725	-0.00000028	417855.000000
5.54340000	0.994504	0.994503	-0.00000054	417342.500000
5.63660000	0.995736	0.995735	-0.00000056	417859.500000
5.72980000	0.996954	0.996953	-0.00000087	418370.500000
5.82290000	0.996740	0.996740	-0.00000015	418281.000000
5.91610000	0.999899	0.999898	-0.00000055	419606.500000
6.00930000	0.997137	0.997137	-0.00000039	418447.500000
6.10240000	0.997176	0.997176	-0.00000007	418464.000000
6.19560000	0.998941	0.998941	-0.00000050	419204.500000
6.28880000	0.999011	0.999011	-0.00000020	419234.000000
6.38190000	0.999698	0.999697	-0.00000091	419522.000000
6.47510000	0.997914	0.997913	-0.00000055	418773.500000
6.56830000	0.998349	0.998348	-0.00000066	418956.000000
6.66140000	0.996769	0.996768	-0.00000055	418293.000000
6.75460000	0.997714	0.997713	-0.00000071	418689.500000
6.84780000	0.999117	0.999117	-0.00000016	419278.500000
6.94090000	1.000882	1.000881	-0.00000059	420019.000000
7.03410000	0.999092	0.999092	-0.00000018	419268.000000
7.12730000	0.997742	0.997742	-0.00000012	418701.500000
7.22040000	0.997442	0.997442	-0.00000037	418575.500000
7.31360000	0.998400	0.998400	-0.00000043	418977.500000
7.40680000	0.998837	0.998837	-0.00000016	419161.000000
7.49990000	0.998438	0.998438	-0.00000030	418993.500000
7.59310000	0.997105	0.997104	-0.00000056	418434.000000
7.68630000	0.999810	0.999809	-0.00000092	419569.000000
7.77940000	0.996409	0.996409	-0.00000038	418142.000000
7.87260000	0.998379	0.998378	-0.00000087	418968.500000
7.96580000	0.996585	0.996585	-0.00000004	418216.000000
8.05900000	0.996375	0.996374	-0.00000093	418127.500000
8.15210000	0.998267	0.998266	-0.00000087	418921.500000
8.24530000	1.000272	1.000271	-0.00000062	419763.000000
8.33850000	0.996501	0.996500	-0.00000063	418180.500000
8.43160000	0.998122	0.998122	-0.00000004	418861.000000
8.52480000	0.997869	0.997868	-0.00000082	418754.500000
8.61800000	0.998394	0.998394	-0.00000038	418975.000000
8.71110000	0.999026	0.999025	-0.00000090	419240.000000
8.80430000	0.998804	0.998803	-0.00000052	419147.000000
8.89750000	0.998623	0.998622	-0.00000062	419071.000000
8.99060000	0.997689	0.997688	-0.00000073	418679.000000
9.08380000	0.995467	0.995466	-0.00000083	417746.500000
9.17700000	0.999285	0.999285	-0.00000016	419349.000000
9.27010000	0.996609	0.996609	-0.00000021	418226.000000
9.36330000	1.000146	1.000145	-0.00000092	419710.000000
9.45650000	0.999140	0.999139	-0.00000052	419288.000000
9.54960000	1.000663	1.000662	-0.00000082	419927.000000
9.64280000	1.000071	1.000070	-0.00000098	419678.500000
9.73600000	0.999615	0.999615	-0.00000013	419487.500000
9.82910000	0.999882	0.999882	-0.00000024	419599.500000
9.92230000	0.999094	0.999093	-0.00000099	419268.500000
10.01550000	1.001571	1.001570	-0.00000092	420308.000000
10.10860000	0.999866	0.999865	-0.00000092	419592.500000
10.20180000	0.999426	0.999425	-0.00000057	419408.000000
10.29500000	1.000952	1.000952	-0.00000029	420048.500000
10.38810000	0.997303	0.997302	-0.00000077	418517.000000
10.48130000	1.000720	1.000719	-0.00000063	419951.000000
10.57450000	0.999328	0.999328	-0.00000027	419367.000000
10.66760000	0.999710	0.999709	-0.00000100	419527.000000
10.76080000	0.998276	0.998276	-0.00000034	418925.500000
10.85400000	0.999874	0.999873	-0.00000058	419596.000000
10.94710000	1.000891	1.000891	-0.00000006	420023.000000
11.04030000	1.000172	1.000171	-0.00000071	419721.000000
11.13350000	0.998506	0.998506	-0.00000039	419022.000000
11.22660000	1.000012	1.000012	-0.00000037	419654.000000
11.31980000	0.998766	0.998765	-0.00000064	419131.000000
11.41300000	1.000933	1.000933	-0.00000036	420040.500000
11.50610000	0.998535	0.998534	-0.00000079	419034.000000
11.59930000	1.000353	1.000352	-0.00000060	419797.000000
11.69250000	1.001167	1.001166	-0.00000083	420138.500000
11.78560000	1.000018	1.000778	0.00075975	419975.500000
11.87880000	1.000018	0.999390	-0.00062831	419393.000000
