# velocidad_mm/s	Normos_PLT_exp	Mio_norm_fp256.559647	diferencia_mio-Normos	Mio_cuentas_raw
-11.87880000	0.999818	0.999805	-0.00001259	419567.221247
-11.78560000	1.000161	1.000245	0.00008406	419751.721507
-11.69250000	1.001675	1.001514	-0.00016133	420284.091980
-11.59930000	0.999478	0.999483	0.00000546	419432.117466
-11.50610000	0.998777	0.998914	0.00013744	419193.327691
-11.41300000	1.000227	1.000127	-0.00010026	419702.068214
-11.31980000	1.000737	1.000671	-0.00006570	419930.592239
-11.22660000	0.999887	1.000054	0.00016681	419671.465839
-11.13350000	1.000274	1.000295	0.00002107	419772.708451
-11.04030000	1.000828	1.000752	-0.00007583	419964.529250
-10.94710000	0.999892	0.999831	-0.00006084	419578.030764
-10.85400000	0.998931	0.998953	0.00002213	419209.566332
-10.76080000	0.999074	0.999119	0.00004507	419279.199310
-10.66760000	0.999142	0.999147	0.00000532	419291.057819
-10.57450000	0.999638	0.999588	-0.00005039	419475.825343
-10.48130000	0.998729	0.998837	0.00010807	419160.861484
-10.38810000	0.999822	0.999829	0.00000674	419577.012170
-10.29500000	1.000331	1.000153	-0.00017837	419712.934349
-10.20180000	0.997393	0.997527	0.00013444	418611.276871
-10.10860000	0.998892	0.998887	-0.00000512	419181.763240
-10.01550000	0.999346	0.999372	0.00002617	419385.415387
-9.92230000	1.000986	1.001006	0.00002045	420071.238274
-9.82910000	1.000160	1.000156	-0.00000390	419714.389533
-9.73600000	0.999536	0.999438	-0.00009818	419412.962918
-9.64280000	0.999191	0.999234	0.00004270	419327.304606
-9.54960000	0.999777	0.999699	-0.00007806	419522.545076
-9.45650000	0.998281	0.998365	0.00008370	418962.632037
-9.36330000	0.999885	0.999846	-0.00003881	419584.335684
-9.27010000	1.000611	1.000507	-0.00010361	419861.808630
-9.17700000	0.998136	0.998323	0.00018660	418944.965526
-9.08380000	0.999992	0.999882	-0.00011014	419599.303459
-8.99060000	0.998948	0.999063	0.00011484	419255.605242
-8.89750000	0.999584	0.999638	0.00005440	419497.136007
-8.80430000	0.999072	0.999090	0.00001789	419266.955865
-8.71110000	0.999777	0.999684	-0.00009298	419516.282149
-8.61800000	0.999146	0.999100	-0.00004599	419271.204221
-8.52480000	0.999667	0.999622	-0.00004546	419490.062102
-8.43160000	0.997663	0.997744	0.00008091	418702.118039
-8.33850000	0.998264	0.998271	0.00000663	418923.154288
-8.24530000	0.999780	0.999706	-0.00007420	419525.423954
-8.15210000	0.998022	0.998080	0.00005843	418843.335944
-8.05900000	0.998918	0.998838	-0.00007988	419161.299489
-7.96580000	0.998134	0.998154	0.00002019	418874.290922
-7.87260000	0.999160	0.999086	-0.00007404	419265.304660
-7.77940000	0.997555	0.997577	0.00002198	418632.066332
-7.68630000	0.996516	0.996600	0.00008406	418222.102213
-7.59310000	0.997278	0.997311	0.00003338	418520.606497
-7.49990000	1.000196	1.000064	-0.00013229	419675.617833
-7.40680000	0.998441	0.998528	0.00008734	419031.302151
-7.31360000	0.998918	0.998877	-0.00004129	419177.493628
-7.22040000	0.997456	0.997479	0.00002266	418590.804920
-7.12730000	0.997334	0.997298	-0.00003570	418515.118093
-7.03410000	0.996929	0.996989	0.00005972	418385.200824
-6.94090000	0.998005	0.997924	-0.00008074	418777.799489
-6.84780000	0.998078	0.998074	-0.00000376	418840.740416
-6.75460000	0.996198	0.996269	0.00007072	418083.055050
-6.66140000	0.995052	0.995128	0.00007557	417604.172515
-6.56830000	0.997648	0.997541	-0.00010693	418616.996398
-6.47510000	0.996923	0.996982	0.00005947	418382.581531
-6.38190000	0.996890	0.996945	0.00005455	418366.665830
-6.28880000	0.999032	0.998798	-0.00023356	419144.649225
-6.19560000	0.996300	0.996312	0.00001236	418101.368223
-6.10240000	0.994839	0.995012	0.00017273	417555.560480
-6.00930000	0.998275	0.998218	-0.00005661	418901.230702
-5.91610000	0.998672	0.998617	-0.00005493	419068.535935
-5.82290000	0.996300	0.996392	0.00009238	418134.949440
-5.72980000	0.996319	0.996304	-0.00001501	418097.856367
-5.63660000	0.996777	0.996730	-0.00004748	418276.428811
-5.54340000	0.996247	0.996240	-0.00000661	418071.166771
-5.45030000	0.994884	0.994893	0.00000891	417505.698109
-5.35710000	0.994024	0.994155	0.00013119	417196.113756
-5.26390000	0.994626	0.994638	0.00001227	417398.838399
-5.17080000	0.994636	0.994684	0.00004796	417418.011542
-5.07760000	0.997406	0.997280	-0.00012556	418507.623004
-4.98440000	0.996488	0.996526	0.00003812	418191.074845
-4.89130000	0.997950	0.997869	-0.00008069	418754.739842
-4.79810000	0.997604	0.997675	0.00007101	418673.204167
-4.70490000	0.998254	0.998118	-0.00013616	418859.037190
-4.61180000	0.993501	0.993631	0.00012992	416976.106757
-4.51860000	0.995121	0.995057	-0.00006419	417574.479944
-4.42540000	0.994885	0.994831	-0.00005415	417479.655229
-4.33230000	0.991397	0.991601	0.00020369	416124.123156
-4.23910000	0.994751	0.994624	-0.00012685	417392.914240
-4.14590000	0.993199	0.993280	0.00008052	416828.640864
-4.05280000	0.994285	0.994262	-0.00002295	417240.956493
-3.95960000	0.993867	0.993922	0.00005523	417098.351770
-3.86640000	0.993771	0.993706	-0.00006540	417007.443122
-3.77330000	0.993358	0.993270	-0.00008788	416824.697849
-3.68010000	0.990832	0.990868	0.00003579	415816.560848
-3.58690000	0.991301	0.991138	-0.00016283	415930.025334
-3.49380000	0.987191	0.987177	-0.00001360	414267.893189
-3.40060000	0.981992	0.981879	-0.00011277	412044.521050
-3.30740000	0.972583	0.972792	0.00020918	408231.151151
-3.21430000	0.966974	0.967273	0.00029927	405915.146241
-3.12110000	0.970673	0.970717	0.00004359	407360.132664
-3.02790000	0.977960	0.977908	-0.00005174	410378.109580
-2.93480000	0.984714	0.984627	-0.00008708	413197.585554
-2.84160000	0.988554	0.988468	-0.00008612	414809.443436
-2.74840000	0.987740	0.987907	0.00016725	414574.174603
-2.65530000	0.992612	0.992396	-0.00021623	416457.777032
-2.56210000	0.991360	0.991491	0.00013077	416077.994462
-2.46890000	0.992040	0.991934	-0.00010633	416263.854279
-2.37580000	0.990186	0.990263	0.00007688	415562.709338
-2.28260000	0.991250	0.991179	-0.00007096	415947.176539
-2.18940000	0.988213	0.988192	-0.00002106	414693.642432
-2.09630000	0.986006	0.985923	-0.00008271	413741.606551
-2.00310000	0.982059	0.981939	-0.00011966	412069.747468
-1.90990000	0.975928	0.976077	0.00014859	409609.450327
-1.81680000	0.973940	0.974236	0.00029618	408837.125244
-1.72360000	0.978220	0.978232	0.00001196	410513.950695
-1.63040000	0.985088	0.984794	-0.00029412	413267.650166
-1.53730000	0.985145	0.985252	0.00010696	413459.884309
-1.44410000	0.987948	0.987876	-0.00007160	414561.229187
-1.35090000	0.988089	0.988110	0.00002081	414659.178627
-1.25780000	0.987558	0.987601	0.00004259	414445.483547
-1.16460000	0.988582	0.988426	-0.00015595	414791.888386
-1.07140000	0.986383	0.986429	0.00004557	413953.646662
-0.97830000	0.985222	0.985138	-0.00008391	413412.099552
-0.88510000	0.982092	0.982161	0.00006868	412162.630522
-0.79190000	0.981098	0.981048	-0.00004961	411695.862165
-0.69880000	0.976116	0.976057	-0.00005875	409601.335998
-0.60560000	0.968568	0.968391	-0.00017691	406384.239582
-0.51240000	0.956335	0.956340	0.00000539	401327.177113
-0.41930000	0.944142	0.944215	0.00007345	396238.956752
-0.32610000	0.931114	0.930971	-0.00014294	390680.965373
-0.23290000	0.912086	0.912594	0.00050802	382969.058804
-0.13980000	0.915689	0.916035	0.00034614	384413.120961
-0.04660000	0.935153	0.935042	-0.00011137	392389.177166
0.04660000	0.948348	0.948181	-0.00016679	397903.183278
0.13980000	0.954237	0.954218	-0.00001853	400436.716077
0.23290000	0.959514	0.959630	0.00011568	402707.522771
0.32610000	0.968979	0.968723	-0.00025609	406523.486424
0.41930000	0.971506	0.971488	-0.00001804	407683.835371
0.51240000	0.971192	0.971246	0.00005411	407582.344771
0.60560000	0.971158	0.971201	0.00004331	407563.543194
0.69880000	0.974390	0.974480	0.00008991	408939.405619
0.79190000	0.980389	0.980364	-0.00002544	411408.472318
0.88510000	0.984447	0.984438	-0.00000887	413118.361538
0.97830000	0.986133	0.986154	0.00002084	413838.357568
1.07140000	0.988914	0.988775	-0.00013881	414938.403898
1.16460000	0.988338	0.988377	0.00003853	414771.104669
1.25780000	0.988671	0.988643	-0.00002822	414882.839027
1.35090000	0.988436	0.988452	0.00001648	414802.978690
1.44410000	0.990128	0.990015	-0.00011340	415458.521050
1.53730000	0.987913	0.987966	0.00005345	414599.016713
1.63040000	0.987498	0.987412	-0.00008626	414366.234672
1.72360000	0.985351	0.985299	-0.00005196	413479.639403
1.81680000	0.981364	0.981305	-0.00005902	411803.537763
1.90990000	0.975698	0.975847	0.00014949	409513.308209
2.00310000	0.973775	0.974106	0.00033053	408782.298387
2.09630000	0.982142	0.981939	-0.00020319	412069.525961
2.18940000	0.984335	0.984416	0.00008054	413108.879452
2.28260000	0.988566	0.988561	-0.00000490	414848.561475
2.37580000	0.992617	0.992441	-0.00017581	416476.836052
2.46890000	0.989856	0.990042	0.00018614	415470.077821
2.56210000	0.992845	0.992662	-0.00018287	416569.555471
2.65530000	0.991022	0.991004	-0.00001787	415873.775724
2.74840000	0.989768	0.989784	0.00001576	415361.650632
2.84160000	0.989060	0.989008	-0.00005220	415036.020109
2.93480000	0.986535	0.986562	0.00002653	414009.445210
3.02790000	0.985415	0.985397	-0.00001751	413520.954664
3.12110000	0.983887	0.983793	-0.00009450	412847.424267
3.21430000	0.979202	0.979154	-0.00004796	410900.898987
3.30740000	0.971993	0.972164	0.00017102	407967.546483
3.40060000	0.968930	0.969053	0.00012320	406662.094587
3.49380000	0.971518	0.971709	0.00019088	407776.546169
3.58690000	0.981546	0.981453	-0.00009304	411865.640030
3.68010000	0.986655	0.986552	-0.00010253	414005.643687
3.77330000	0.989594	0.989573	-0.00002143	415273.023138
3.86640000	0.993317	0.993270	-0.00004730	416824.518281
3.95960000	0.993178	0.993253	0.00007538	416817.672515
4.05280000	0.993105	0.993136	0.00003143	416768.592499
4.14590000	0.995012	0.994888	-0.00012407	417503.607178
4.23910000	0.995187	0.995227	0.00004003	417645.909902
4.33230000	0.996348	0.996293	-0.00005487	418093.297347
4.42540000	0.995784	0.995823	0.00003889	417895.962550
4.51860000	0.994611	0.994672	0.00006137	417413.148176
4.61180000	0.995429	0.995361	-0.00006798	417702.137889
4.70490000	0.996590	0.996499	-0.00009146	418179.497912
4.79810000	0.993788	0.993896	0.00010839	417087.510601
4.89130000	0.995294	0.995259	-0.00003543	417659.147916
4.98440000	0.994491	0.994446	-0.00004529	417318.032279
5.07760000	0.991027	0.991138	0.00011095	415929.935129
5.17080000	0.992305	0.992294	-0.00001110	416415.026481
5.26390000	0.992786	0.992788	0.00000219	416622.454351
5.35710000	0.993214	0.993219	0.00000513	416803.296406
5.45030000	0.995725	0.995611	-0.00011357	417807.222816
5.54340000	0.994504	0.994607	0.00010335	417385.863312
5.63660000	0.995736	0.995760	0.00002352	417869.371566
5.72980000	0.996954	0.996967	0.00001283	418376.017340
5.82290000	0.996740	0.996828	0.00008832	418317.891621
5.91610000	0.999899	0.999639	-0.00026010	419497.346133
6.00930000	0.997137	0.997234	0.00009654	418487.940613
6.10240000	0.997176	0.997305	0.00012898	418517.920817
6.19560000	0.998941	0.998921	-0.00001977	419196.179254
6.28880000	0.999011	0.998975	-0.00003553	419218.939152
6.38190000	0.999698	0.999508	-0.00018989	419442.460830
6.47510000	0.997914	0.997974	0.00006049	418798.879765
6.56830000	0.998349	0.998406	0.00005732	418980.097356
6.66140000	0.996769	0.996885	0.00011634	418341.821005
6.75460000	0.997714	0.997730	0.00001583	418696.210279
6.84780000	0.999117	0.999155	0.00003764	419294.127493
6.94090000	1.000882	1.000723	-0.00015894	419952.314742
7.03410000	0.999092	0.999168	0.00007585	419299.672515
7.12730000	0.997742	0.997782	0.00003974	418717.992374
7.22040000	0.997442	0.997383	-0.00005908	418550.627234
7.31360000	0.998400	0.998320	-0.00007975	418943.978430
7.40680000	0.998837	0.998830	-0.00000670	419158.017654
7.49990000	0.998438	0.998543	0.00010459	419037.280841
7.59310000	0.997105	0.997173	0.00006816	418462.600699
7.68630000	0.999810	0.999575	-0.00023474	419470.642226
7.77940000	0.996409	0.996543	0.00013358	418197.978636
7.87260000	0.998379	0.998190	-0.00018928	418889.199418
7.96580000	0.996585	0.996736	0.00015083	418279.076620
8.05900000	0.996375	0.996456	0.00008093	418161.618039
8.15210000	0.998267	0.998209	-0.00005759	418897.462291
8.24530000	1.000272	1.000110	-0.00016167	419695.181450
8.33850000	0.996501	0.996658	0.00015713	418246.469495
8.43160000	0.998122	0.998046	-0.00007595	418828.909956
8.52480000	0.997869	0.997915	0.00004600	418773.915073
8.61800000	0.998394	0.998430	0.00003628	418990.150318
8.71110000	0.999026	0.998970	-0.00005556	419216.827171
8.80430000	0.998804	0.998859	0.00005469	419169.934241
8.89750000	0.998623	0.998634	0.00001124	419075.741930
8.99060000	0.997689	0.997621	-0.00006826	418650.429124
9.08380000	0.995467	0.995645	0.00017839	417821.476181
9.17700000	0.999285	0.999057	-0.00022759	419253.326338
9.27010000	0.996609	0.996801	0.00019152	418306.225110
9.36330000	1.000146	0.999994	-0.00015237	419646.207617
9.45650000	0.999140	0.999285	0.00014459	419348.660919
9.54960000	1.000663	1.000680	0.00001665	419934.097984
9.64280000	1.000071	0.999963	-0.00010830	419633.227986
9.73600000	0.999615	0.999591	-0.00002380	419477.330200
9.82910000	0.999882	0.999891	0.00000949	419603.347226
9.92230000	0.999094	0.999180	0.00008556	419304.586388
10.01550000	1.001571	1.001408	-0.00016318	420239.674451
10.10860000	0.999866	0.999940	0.00007441	419623.874281
10.20180000	0.999426	0.999459	0.00003346	419422.046850
10.29500000	1.000952	1.000819	-0.00013291	419992.610834
10.38810000	0.997303	0.997587	0.00028406	418636.293843
10.48130000	1.000720	1.000517	-0.00020347	419865.645255
10.57450000	0.999328	0.999416	0.00008784	419403.742504
10.66760000	0.999710	0.999659	-0.00005061	419505.944637
10.76080000	0.998276	0.998356	0.00007967	418958.842629
10.85400000	0.999874	0.999886	0.00001185	419600.980518
10.94710000	1.000891	1.000767	-0.00012408	419970.719473
11.04030000	1.000172	1.000165	-0.00000747	419717.928184
11.13350000	0.998506	0.998612	0.00010557	419066.228192
11.22660000	1.000012	0.999897	-0.00011458	419605.835111
11.31980000	0.998766	0.998849	0.00008299	419165.863626
11.41300000	1.000933	1.000824	-0.00010924	419994.571870
11.50610000	0.998535	0.998702	0.00016699	419104.174603
11.59930000	1.000353	1.000330	-0.00002279	419787.456493
11.69250000	1.001167	1.001084	-0.00008335	420103.636374
11.78560000	1.000018	1.000694	0.00067631	419940.248669
11.87880000	1.000018	0.999441	-0.00057680	419414.383421
